scenario Pi.Syn1 Pi.Syn2 Pi.Syn3 Pi.Syn4 Pi.Syn5 Pi.Syn6 Pi.Syn7 Pi.Syn8 Pi.Syn9 Pi.Syn10 Pi.Syn11 Pi.Syn12 Pi.Syn13 Pi.Syn14 Pi.Syn15 Pi.Syn16 Pi.Syn17 Pi.Syn18 Pi.Syn19 Pi.Syn20 Pi.Syn21 Pi.Syn22 Pi.Syn23 Pi.Syn24 Pi.Syn25 Pi.Syn26 Pi.Syn27 Pi.Syn28 Pi.Syn29 Pi.Syn30 Pi.Syn31 Pi.Syn32 Pi.Syn33 Pi.Syn34 Pi.Syn35 Pi.Syn36 Pi.Syn37 Pi.Syn38 Pi.Syn39 Pi.Syn40 Pi.Syn41 Pi.Syn42 Pi.Syn43 Pi.Syn44 Pi.Syn45 Pi.Syn46 Pi.Syn47 Pi.Syn48 Pi.Syn49 Pi.NSyn1 Pi.NSyn2 Pi.NSyn3 Pi.NSyn4 Pi.NSyn5 Pi.NSyn6 Pi.NSyn7 Pi.NSyn8 Pi.NSyn9 Pi.NSyn10 Pi.NSyn11 Pi.NSyn12 Pi.NSyn13 Pi.NSyn14 Pi.NSyn15 Pi.NSyn16 Pi.NSyn17 Pi.NSyn18 Pi.NSyn19 Pi.NSyn20 Pi.NSyn21 Pi.NSyn22 Pi.NSyn23 Pi.NSyn24 Pi.NSyn25 Pi.NSyn26 Pi.NSyn27 Pi.NSyn28 Pi.NSyn29 Pi.NSyn30 Pi.NSyn31 Pi.NSyn32 Pi.NSyn33 Pi.NSyn34 Pi.NSyn35 Pi.NSyn36 Pi.NSyn37 Pi.NSyn38 Pi.NSyn39 Pi.NSyn40 Pi.NSyn41 Pi.NSyn42 Pi.NSyn43 Pi.NSyn44 Pi.NSyn45 Pi.NSyn46 Pi.NSyn47 Pi.NSyn48 Pi.NSyn49 Div.Syn Div.Nsyn
SLiM_03_sum.txt 6452 3225 2199 1609 1358 1120 959 832 747 712 677 607 603 575 518 491 509 417 430 408 442 383 363 373 361 324 331 341 280 316 292 294 304 291 310 290 290 274 257 290 250 238 233 258 250 244 242 231 226 11539 5052 3307 2335 1931 1523 1320 1172 991 902 845 788 700 684 626 618 558 572 547 462 488 448 450 397 409 396 396 374 327 351 374 366 396 350 345 330 303 359 338 307 297 310 308 322 366 313 321 271 309 134178 293772
SLiM_03_sum.txt_boot_001.txt 6414 3214 2200 1657 1374 1072 971 789 736 745 667 576 628 582 506 498 556 423 414 399 440 356 364 356 356 314 342 358 276 337 290 277 272 288 305 293 270 268 279 289 261 267 226 276 245 246 224 243 184 11468 5149 3277 2339 1914 1461 1288 1176 980 883 795 777 704 660 658 589 543 547 507 462 518 466 397 393 416 429 382 386 327 350 331 360 360 358 365 334 319 344 316 310 332 318 317 311 369 300 308 257 276 133920 294289
SLiM_03_sum.txt_boot_002.txt 6485 3256 2178 1579 1412 1054 1025 799 756 708 672 607 629 586 519 504 508 413 451 426 432 402 363 323 360 353 339 326 261 321 296 291 300 291 321 250 289 280 258 304 280 216 232 246 245 248 242 226 225 11501 4932 3383 2380 1926 1520 1312 1154 1004 916 842 755 681 656 627 628 573 593 556 454 480 427 422 420 414 364 370 378 344 336 378 387 408 337 323 345 329 372 302 278 279 346 290 314 374 292 308 254 312 134526 294043
SLiM_03_sum.txt_boot_003.txt 6412 3238 2088 1633 1364 1140 955 823 739 747 656 578 661 571 497 516 510 424 435 395 426 354 360 382 365 334 357 356 267 314 285 309 292 288 323 288 270 278 266 277 246 239 227 255 244 259 257 230 226 11548 5168 3315 2356 1934 1504 1308 1162 999 865 828 801 715 646 611 625 571 562 555 441 497 442 415 387 392 419 431 379 298 317 397 376 437 360 333 350 301 335 328 323 293 274 330 317 360 319 306 289 297 133488 294450
SLiM_03_sum.txt_boot_004.txt 6492 3098 2231 1598 1395 1187 938 813 733 684 653 619 630 589 521 460 503 383 490 412 467 414 378 361 320 296 320 326 292 284 301 260 269 313 290 300 302 262 253 290 237 215 230 258 225 275 242 252 224 11472 4995 3324 2299 1940 1524 1316 1161 940 851 818 811 745 703 632 616 534 533 566 485 489 443 491 385 396 417 361 417 290 362 405 354 393 337 351 341 264 352 346 343 310 346 296 308 398 305 334 282 329 133771 293326
SLiM_03_sum.txt_boot_005.txt 6442 3110 2185 1640 1360 1137 960 831 773 740 682 577 630 567 492 489 471 372 409 442 432 409 384 364 353 319 308 335 303 308 274 314 320 300 317 283 287 270 260 275 241 252 259 247 255 249 234 236 239 11666 5063 3366 2443 2013 1567 1325 1205 1036 845 867 787 669 617 583 643 561 543 527 485 485 423 460 401 419 372 398 396 335 337 384 375 383 369 340 344 300 355 349 333 286 321 302 325 370 334 316 278 300 134087 294075
SLiM_03_sum.txt_boot_006.txt 6597 3195 2208 1622 1295 1144 909 843 796 695 647 615 595 586 540 485 512 408 429 426 421 407 379 333 353 334 335 294 281 306 273 281 270 269 330 297 261 295 259 283 238 237 242 254 253 213 239 209 237 11699 5093 3406 2336 1949 1509 1361 1222 986 901 793 767 640 673 630 581 533 564 552 468 453 450 418 385 405 402 380 397 318 341 357 343 418 331 384 326 292 360 324 334 291 306 303 309 330 303 305 290 334 133782 294068
SLiM_03_sum.txt_boot_007.txt 6499 3152 2223 1572 1333 1064 982 848 759 720 679 601 593 571 545 502 510 462 423 410 424 364 317 344 372 336 334 322 285 337 309 273 349 267 304 297 297 276 237 294 229 259 232 281 236 246 242 236 218 11728 5167 3251 2309 1930 1592 1304 1157 965 912 832 801 680 677 648 610 584 580 566 426 483 406 404 440 410 400 418 415 350 350 407 360 387 370 340 349 301 379 319 277 309 321 289 310 354 293 313 280 303 134016 293497
SLiM_03_sum.txt_boot_008.txt 6397 3221 2237 1655 1333 1176 959 790 781 726 620 619 604 608 535 477 550 396 447 383 411 398 357 362 332 367 349 331 320 329 305 299 314 288 291 317 282 245 232 327 257 228 224 257 243 240 231 241 200 11465 5092 3333 2341 1926 1436 1277 1113 952 890 792 821 741 694 591 600 541 560 536 430 490 470 449 393 391 389 388 344 337 362 403 377 370 322 351 348 318 374 342 332 294 311 283 322 349 310 315 270 274 133777 293082
SLiM_03_sum.txt_boot_009.txt 6483 3216 2164 1520 1411 1106 943 790 788 701 671 627 635 565 525 499 495 449 474 414 445 391 363 377 340 321 321 336 273 312 281 290 327 280 316 321 277 245 247 279 253 256 217 232 276 232 242 235 228 11329 5034 3324 2245 1881 1495 1325 1132 1030 913 876 766 695 686 579 601 513 592 521 491 486 421 427 380 401 411 364 371 340 362 368 348 423 364 350 308 310 363 318 311 279 308 293 308 368 301 334 260 314 134206 293413
SLiM_03_sum.txt_boot_010.txt 6339 3262 2202 1673 1342 1144 1040 818 761 709 718 566 604 541 554 521 494 468 433 423 455 358 386 359 363 335 308 350 256 313 297 291 313 310 336 291 301 249 262 262 250 199 245 257 241 276 264 224 209 11507 5073 3337 2387 1968 1545 1291 1110 985 865 873 773 732 693 599 645 555 588 548 459 510 468 432 382 394 363 399 374 276 341 346 381 385 351 327 344 272 359 349 321 307 316 330 313 328 300 320 281 274 134116 293381
SLiM_03_sum.txt_boot_011.txt 6322 3223 2135 1658 1357 1150 913 811 725 690 673 629 590 610 522 504 481 405 417 402 427 363 373 359 384 328 340 327 287 307 319 302 315 296 340 275 302 240 257 286 248 238 230 256 252 229 224 214 225 11596 5064 3250 2334 1946 1469 1336 1134 900 941 833 767 671 699 639 590 551 598 581 474 516 416 491 388 385 378 370 408 351 356 340 385 388 366 323 306 320 356 348 299 292 326 325 327 356 304 311 291 295 135056 293623
SLiM_03_sum.txt_boot_012.txt 6541 3275 2259 1628 1303 1177 991 921 753 695 639 628 646 581 534 530 536 431 449 446 487 399 350 357 371 304 314 329 276 332 300 268 316 291 318 304 285 276 261 272 274 268 211 242 222 251 224 233 202 11719 4986 3260 2297 1937 1614 1313 1137 993 896 882 808 702 663 602 616 522 576 578 466 461 420 451 399 406 425 419 387 312 360 388 374 416 349 340 320 327 380 315 299 293 292 299 304 342 313 314 295 305 134689 293312
SLiM_03_sum.txt_boot_013.txt 6448 3205 2190 1633 1383 1082 958 821 717 719 657 578 581 596 525 437 505 443 423 439 415 351 371 359 366 337 310 346 266 292 284 279 291 293 298 326 262 317 253 288 272 239 233 219 263 247 239 238 213 11390 5228 3330 2421 1941 1583 1289 1160 963 906 844 778 714 711 636 646 546 569 527 486 495 439 477 415 379 396 413 389 342 371 381 382 390 347 335 341 306 367 356 301 278 321 302 322 375 310 318 292 304 134615 293126
SLiM_03_sum.txt_boot_014.txt 6418 3357 2173 1627 1336 1137 944 813 745 745 689 608 603 585 495 504 493 409 411 434 479 416 381 389 355 322 321 331 262 317 333 278 308 267 290 285 263 271 253 311 239 224 232 244 246 265 242 223 230 11541 5071 3267 2355 1890 1480 1401 1175 1001 924 842 786 775 697 621 582 560 551 534 465 476 439 431 396 365 390 426 335 289 365 337 373 409 375 351 321 287 338 339 318 296 329 316 329 355 315 341 252 300 134252 294552
SLiM_03_sum.txt_boot_015.txt 6267 3298 2276 1625 1363 1148 952 776 761 717 665 641 620 575 491 467 496 429 425 415 458 395 355 358 336 330 360 353 258 338 250 289 298 278 301 289 295 280 269 285 269 239 214 248 229 241 223 230 197 11426 5190 3284 2369 2005 1575 1328 1098 985 849 855 841 694 716 652 609 545 540 533 465 557 415 479 386 409 399 392 386 314 351 373 403 389 353 343 335 322 361 316 345 318 301 290 307 367 313 323 273 309 133931 293039
SLiM_03_sum.txt_boot_016.txt 6470 3210 2157 1610 1337 1091 952 848 755 727 671 616 616 558 540 558 531 418 429 398 455 402 363 368 368 292 331 350 263 328 311 322 294 271 322 279 289 287 239 337 279 233 210 271 267 257 252 209 223 11692 5171 3347 2341 1860 1550 1336 1188 991 938 856 796 648 731 673 643 560 637 552 432 474 426 511 396 401 424 378 375 325 366 330 361 393 348 349 311 318 356 345 336 267 331 323 320 341 321 339 283 294 134020 294141
SLiM_03_sum.txt_boot_017.txt 6389 3193 2164 1567 1367 1136 968 855 780 720 703 667 590 601 489 495 560 391 416 401 421 383 337 370 397 314 322 348 281 289 286 277 319 287 345 297 284 287 256 299 244 206 212 265 243 231 234 226 237 11479 4896 3329 2316 1920 1497 1376 1170 975 914 864 821 705 664 594 625 550 605 554 443 505 467 425 407 405 390 366 354 309 330 387 362 379 345 326 323 302 379 312 300 286 350 292 313 382 316 287 260 300 134378 293954
SLiM_03_sum.txt_boot_018.txt 6600 3137 2101 1621 1312 1146 948 832 789 697 644 610 620 584 501 470 524 398 469 418 441 390 402 407 344 371 333 352 284 314 303 301 304 284 345 291 293 277 260 292 262 249 196 260 250 261 233 217 239 11604 5062 3300 2271 1877 1538 1299 1142 1015 907 838 768 699 697 634 604 572 557 539 453 456 479 425 429 423 415 379 338 344 363 387 358 400 364 359 337 277 389 359 296 317 291 280 330 363 302 301 274 314 133885 294363
SLiM_03_sum.txt_boot_019.txt 6462 3143 2301 1622 1373 1112 995 837 688 708 681 597 596 601 531 489 508 392 420 391 434 360 377 399 351 320 327 362 286 309 282 301 294 302 273 264 287 265 263 270 273 236 217 257 233 242 240 210 233 11720 5185 3333 2383 1983 1510 1417 1191 988 937 828 821 664 687 614 579 561 603 529 447 463 465 467 416 375 414 395 380 327 384 365 384 404 344 315 349 285 385 365 292 309 295 307 327 345 321 282 268 309 134364 292933
SLiM_03_sum.txt_boot_020.txt 6393 3194 2158 1621 1371 1120 907 827 789 704 690 593 626 597 515 497 494 415 424 435 471 372 380 366 346 318 335 321 257 292 302 296 282 315 320 266 287 259 236 270 276 249 210 263 237 241 240 244 233 11499 5132 3344 2313 1874 1491 1326 1172 1036 887 884 778 703 721 643 625 566 586 528 459 547 448 468 405 390 407 439 389 334 338 389 369 397 355 338 340 290 376 332 316 275 325 319 290 364 274 316 313 305 134142 293421
SLiM_03_sum.txt_boot_021.txt 6356 3236 2213 1597 1421 1109 958 873 760 711 652 574 601 627 497 516 492 407 413 401 462 369 341 369 390 288 314 339 270 329 273 310 328 328 339 305 284 256 265 282 250 236 232 287 257 253 241 219 200 11527 5020 3252 2384 1857 1511 1351 1180 951 841 933 793 673 668 614 631 568 618 541 474 477 447 445 386 409 385 397 401 326 343 379 335 404 353 355 285 310 363 342 274 269 353 334 320 391 313 308 290 329 134358 294066
SLiM_03_sum.txt_boot_022.txt 6624 3202 2263 1562 1303 1187 999 851 731 716 661 621 614 562 526 479 518 394 431 375 411 376 378 360 354 338 326 325 257 310 319 272 337 293 326 287 264 278 262 280 267 236 213 241 285 266 218 229 260 11608 5102 3319 2316 1869 1476 1331 1197 1048 842 827 737 666 661 650 620 570 565 557 457 510 462 416 388 420 425 363 371 339 339 365 361 397 376 341 333 313 360 346 318 308 314 313 338 378 303 353 304 306 133883 293715
SLiM_03_sum.txt_boot_023.txt 6493 3196 2104 1607 1349 1167 941 839 738 695 683 581 583 566 528 472 553 411 441 402 433 376 352 375 391 328 326 326 242 285 297 332 286 303 312 275 298 257 235 263 230 234 240 226 235 224 254 236 214 11480 4911 3268 2250 1991 1512 1330 1156 1024 925 845 747 702 713 626 644 539 571 535 493 488 423 442 463 388 369 399 350 305 370 367 388 388 307 330 315 321 325 349 298 265 321 335 299 361 302 337 247 315 134387 294149
SLiM_03_sum.txt_boot_024.txt 6448 3169 2134 1610 1362 1063 886 824 718 726 664 570 606 567 523 476 481 439 446 412 428 398 380 401 367 291 312 323 254 326 279 284 312 274 295 254 267 274 275 288 282 211 228 241 258 253 250 250 234 11600 5114 3314 2318 1948 1570 1316 1228 1006 933 876 784 654 670 622 629 522 570 550 501 529 469 459 397 430 398 363 409 341 336 395 356 408 339 344 347 313 388 347 309 310 298 289 318 344 295 304 294 298 134705 294785
SLiM_03_sum.txt_boot_025.txt 6550 3294 2217 1564 1319 1125 960 792 717 730 641 622 582 570 507 465 496 466 433 446 422 361 319 397 387 326 316 346 302 341 305 293 307 294 303 260 311 270 245 266 258 223 232 245 238 246 245 230 251 11593 4924 3284 2377 1929 1505 1245 1183 1000 899 823 757 718 684 610 598 535 558 570 463 451 456 459 445 420 417 417 421 329 363 373 370 366 372 344 342 309 321 363 307 283 295 309 341 399 330 319 276 291 134402 294303
SLiM_03_sum.txt_boot_026.txt 6447 3252 2252 1594 1320 1119 985 825 777 691 674 642 600 511 506 486 544 445 459 391 462 403 332 400 371 315 298 366 304 310 306 295 291 304 312 296 314 263 244 281 262 226 212 233 262 252 251 230 241 11501 4953 3336 2346 1934 1541 1304 1129 993 923 795 830 709 626 686 639 564 589 539 474 508 425 433 414 410 397 372 356 308 383 358 381 364 315 369 369 296 347 325 351 268 323 309 337 403 311 329 264 315 134016 293622
SLiM_03_sum.txt_boot_027.txt 6459 3195 2174 1588 1377 1133 910 858 748 735 671 610 623 577 525 482 531 415 413 413 429 410 333 348 348 318 343 360 271 320 280 284 313 305 313 296 293 281 249 296 213 250 217 278 245 257 244 244 254 11515 5198 3315 2311 1899 1512 1326 1206 984 909 830 820 667 662 572 615 572 555 569 479 471 455 422 411 415 399 392 385 345 346 373 379 407 354 358 352 301 369 349 304 281 318 294 324 318 311 329 293 287 134280 293532
SLiM_03_sum.txt_boot_028.txt 6433 3153 2164 1567 1341 1168 943 783 755 693 726 597 623 546 513 506 496 419 420 407 442 371 373 370 345 332 332 326 279 330 315 313 335 281 329 271 331 270 243 277 243 220 254 271 228 253 251 247 226 11622 4994 3371 2358 1940 1545 1306 1148 980 939 834 820 673 710 616 651 526 570 574 412 466 485 435 396 400 396 410 337 305 353 385 348 377 359 351 352 301 361 339 329 281 292 316 329 371 298 312 287 313 134740 293170
SLiM_03_sum.txt_boot_029.txt 6496 3218 2248 1532 1328 1111 920 839 740 732 666 621 592 582 554 492 454 405 414 414 416 397 393 381 380 330 326 336 289 308 278 288 332 295 345 281 321 288 272 292 263 222 237 268 255 238 239 209 223 11538 5126 3356 2276 2003 1581 1239 1196 926 878 859 798 734 679 634 618 525 629 539 452 465 436 453 430 380 403 366 350 332 335 356 315 389 363 356 349 318 337 322 313 299 291 315 323 355 305 346 266 278 133425 294248
SLiM_03_sum.txt_boot_030.txt 6508 3243 2234 1565 1383 1109 950 803 748 694 681 614 616 565 520 455 501 412 414 378 447 377 352 356 371 321 307 346 252 306 320 313 331 291 291 285 275 295 268 295 265 261 235 274 258 252 261 236 231 11629 5042 3274 2356 1945 1475 1421 1185 979 890 851 787 687 644 590 603 558 557 570 465 508 487 441 351 397 379 369 411 336 339 409 340 376 351 304 331 309 357 301 311 300 297 244 310 372 300 309 272 318 133918 293909
SLiM_03_sum.txt_boot_031.txt 6404 3167 2237 1647 1356 1098 952 795 710 690 644 623 560 601 515 514 503 433 430 423 464 401 365 389 365 356 349 345 277 285 273 316 333 301 298 303 285 275 280 292 254 245 219 272 259 232 217 230 212 11481 5065 3364 2338 1949 1546 1363 1168 1021 916 801 816 687 634 651 627 582 544 570 449 486 476 431 400 393 418 385 390 347 354 434 360 383 363 359 297 292 356 323 326 298 330 322 333 359 325 296 270 321 134294 293677
SLiM_03_sum.txt_boot_032.txt 6384 3244 2247 1649 1354 1147 929 820 770 702 715 620 601 611 510 499 474 424 450 378 458 420 357 384 362 321 309 341 288 318 317 298 315 296 299 285 286 258 245 305 244 222 220 247 242 281 254 234 222 11459 5031 3257 2227 1900 1545 1274 1112 920 922 848 862 738 632 615 572 501 585 518 497 489 481 437 389 403 385 369 371 310 360 345 390 409 345 348 287 288 362 324 292 312 306 290 338 350 316 313 252 287 133659 292851
SLiM_03_sum.txt_boot_033.txt 6426 3154 2155 1568 1395 1151 961 796 772 697 684 643 584 592 529 479 525 406 438 414 447 425 359 357 365 311 335 342 262 292 273 284 268 282 299 300 301 271 257 336 267 223 217 268 234 255 249 223 234 11499 5249 3314 2321 1950 1468 1372 1177 983 940 897 781 691 695 639 658 536 565 546 468 480 448 438 393 399 398 421 388 317 339 385 358 356 365 337 341 311 390 348 297 301 351 293 300 368 271 320 282 301 135053 293557
SLiM_03_sum.txt_boot_034.txt 6358 3101 2253 1602 1440 1090 1061 834 761 683 707 540 633 578 513 468 525 398 434 409 451 378 368 352 358 349 361 341 284 317 301 308 295 302 283 286 310 277 243 295 249 233 208 262 229 239 237 220 240 11625 5058 3372 2330 1918 1592 1240 1218 986 895 876 798 704 655 673 551 515 578 567 465 468 429 470 407 417 399 417 386 333 356 397 407 392 352 341 336 287 361 355 323 315 283 299 308 356 281 301 281 338 134450 293724
SLiM_03_sum.txt_boot_035.txt 6423 3179 2212 1671 1300 1146 952 863 727 717 665 555 594 568 544 492 529 430 434 425 479 429 375 349 355 314 341 334 275 307 284 298 321 272 290 265 283 239 275 292 261 242 215 267 223 251 257 223 212 11717 5035 3310 2371 1999 1554 1320 1188 989 936 806 742 718 689 597 633 571 588 537 452 508 437 468 380 399 356 399 395 311 358 345 368 412 309 349 322 317 361 323 295 302 290 299 325 370 287 314 248 287 134120 293826
SLiM_03_sum.txt_boot_036.txt 6465 3182 2235 1602 1362 1090 1007 854 772 691 696 635 582 555 544 521 428 404 445 394 480 373 330 376 381 345 339 367 302 328 288 274 289 289 324 271 282 265 262 304 262 185 248 219 241 253 219 240 195 11499 5036 3323 2338 1849 1487 1332 1134 1014 886 879 810 689 723 614 580 563 590 552 455 469 405 441 397 396 395 440 367 336 363 362 365 380 362 363 334 296 366 323 304 250 320 345 326 351 331 329 283 338 134210 294372
SLiM_03_sum.txt_boot_037.txt 6443 3185 2170 1614 1328 1141 957 806 739 712 676 641 564 578 525 522 503 389 411 399 450 371 359 403 305 329 330 314 265 293 291 290 304 267 312 273 304 286 257 310 243 228 212 245 245 222 235 204 245 11503 5073 3340 2343 1936 1536 1256 1180 979 837 824 819 700 696 619 634 602 606 517 447 519 484 468 381 405 400 431 370 298 358 327 376 435 346 382 329 280 335 355 291 265 296 273 322 372 316 301 300 284 134069 293575
SLiM_03_sum.txt_boot_038.txt 6288 3243 2181 1697 1287 1148 998 806 718 742 704 599 621 600 531 485 504 442 444 402 412 406 365 336 376 326 366 340 274 327 296 286 291 318 316 283 254 291 266 297 233 230 245 285 216 264 263 206 226 11569 5073 3199 2311 1934 1504 1322 1207 961 880 887 787 673 667 607 606 565 555 572 431 487 410 456 373 418 389 391 346 320 373 365 339 376 355 342 321 308 346 354 299 277 295 323 305 356 316 281 253 312 134677 293820
SLiM_03_sum.txt_boot_039.txt 6454 3209 2269 1638 1336 1107 1011 817 790 727 655 608 594 528 500 487 498 425 428 411 439 387 355 410 331 322 296 337 247 333 297 265 326 266 315 275 270 302 278 278 269 227 244 251 218 214 242 201 198 11545 5218 3293 2338 2064 1504 1359 1192 1012 879 852 774 713 712 642 603 568 579 547 471 513 461 470 427 384 404 370 401 337 356 387 385 356 336 350 310 316 384 327 329 308 291 306 330 385 324 327 248 279 133999 293059
SLiM_03_sum.txt_boot_040.txt 6468 3302 2174 1566 1355 1072 944 905 700 702 646 618 613 594 517 508 480 430 441 416 417 373 380 368 345 321 314 357 293 278 312 295 295 271 330 276 279 243 249 281 267 246 235 234 263 248 249 219 249 11463 5059 3371 2413 1943 1520 1389 1138 983 916 878 792 703 713 599 624 563 562 524 419 467 428 439 421 412 388 414 374 299 354 387 372 408 359 342 332 269 367 323 326 291 304 335 304 364 334 331 254 295 134069 294321
SLiM_03_sum.txt_boot_041.txt 6455 3242 2174 1604 1335 1081 959 821 727 684 702 607 616 588 493 524 546 416 441 439 407 386 323 337 357 307 334 336 290 299 314 311 334 301 359 305 293 276 245 303 269 227 232 278 246 256 258 229 232 11516 5113 3335 2322 1845 1532 1305 1158 989 941 823 766 707 697 655 633 550 590 554 493 517 459 455 399 388 410 412 409 331 360 384 377 397 348 341 338 319 392 303 322 298 316 321 323 313 315 334 277 291 134398 293042
SLiM_03_sum.txt_boot_042.txt 6379 3253 2180 1611 1386 1135 977 854 757 708 687 589 623 553 536 516 508 417 423 421 451 402 366 348 370 308 312 330 287 307 318 299 309 305 280 290 273 274 285 270 252 243 238 269 253 242 277 242 212 11462 5085 3259 2305 1840 1533 1291 1223 999 863 892 814 707 711 585 688 598 557 535 466 491 440 453 379 439 436 386 376 356 354 374 386 370 355 347 322 289 395 333 278 298 310 327 329 342 310 324 278 268 134515 292855
SLiM_03_sum.txt_boot_043.txt 6594 3210 2127 1658 1339 1112 903 888 740 730 684 602 591 570 449 464 522 414 422 445 443 360 348 389 362 299 352 333 305 335 284 314 284 313 285 322 305 259 269 310 254 243 234 238 247 221 257 200 227 11444 4994 3269 2354 1997 1486 1295 1135 1018 888 873 825 668 688 627 590 593 535 514 510 502 481 397 383 410 349 373 400 317 347 345 374 402 350 380 330 274 349 324 308 305 308 294 348 358 337 339 263 285 134559 294153
SLiM_03_sum.txt_boot_044.txt 6524 3230 2210 1606 1373 1155 895 823 710 722 696 624 610 601 496 462 515 436 408 401 436 359 374 356 357 339 334 357 254 341 298 293 333 288 281 300 289 250 253 307 244 244 226 285 241 279 254 230 213 11613 5114 3193 2320 1943 1516 1348 1125 1038 920 855 800 738 664 673 627 564 532 520 426 485 417 431 414 392 431 397 387 322 353 343 411 389 359 361 318 307 364 353 307 283 322 317 339 361 327 332 287 313 133874 293605
SLiM_03_sum.txt_boot_045.txt 6392 3203 2191 1557 1371 1157 980 811 728 725 657 624 594 563 570 497 556 394 409 431 427 405 357 393 387 318 354 392 287 286 267 315 314 277 326 301 299 272 240 281 274 218 242 252 278 252 251 217 220 11447 5023 3401 2335 1867 1446 1279 1212 971 869 817 791 670 701 635 584 542 592 561 465 498 430 465 369 397 391 373 393 329 356 366 364 373 348 352 329 287 352 322 320 277 316 307 333 358 311 306 286 325 134377 293248
SLiM_03_sum.txt_boot_046.txt 6466 3244 2206 1764 1331 1097 984 804 716 687 646 620 581 601 491 473 478 458 415 417 506 397 355 391 335 301 345 309 304 307 282 286 305 257 332 284 280 260 243 282 255 239 235 263 210 242 243 229 234 11518 5201 3305 2298 1904 1536 1311 1175 980 896 923 799 717 656 634 654 539 524 545 433 510 440 428 401 403 405 440 382 322 360 396 352 398 379 319 353 295 370 354 289 331 335 287 335 364 288 323 264 316 133747 292942
SLiM_03_sum.txt_boot_047.txt 6483 3214 2289 1606 1335 1099 946 824 776 728 646 601 604 591 524 485 518 411 421 395 449 385 401 362 384 334 321 282 271 297 304 306 305 267 334 313 290 292 249 289 221 210 231 274 226 233 267 237 211 11588 4960 3402 2351 1951 1522 1304 1270 1021 879 864 738 654 703 670 670 538 570 520 460 483 464 460 401 386 427 445 360 353 348 394 379 393 377 369 342 311 350 325 295 299 336 319 301 357 321 337 257 321 134049 293424
SLiM_03_sum.txt_boot_048.txt 6386 3294 2149 1596 1419 1114 966 867 834 780 693 625 602 574 544 506 533 421 449 405 394 407 337 393 343 288 339 341 270 293 282 313 337 293 335 269 297 250 246 287 238 234 203 253 262 247 230 243 217 11476 5076 3247 2244 2004 1599 1381 1203 985 905 782 767 707 717 635 577 524 584 544 440 457 433 459 414 391 402 425 336 332 349 424 355 361 312 376 334 307 371 343 307 276 345 277 325 324 288 336 265 281 134015 293518
SLiM_03_sum.txt_boot_049.txt 6525 3081 2252 1566 1323 1122 1007 852 744 675 649 604 661 570 512 487 535 410 408 440 456 371 364 338 327 321 338 340 291 310 275 296 302 285 273 292 282 274 217 279 260 235 232 273 224 242 205 224 256 11701 5032 3203 2267 1955 1556 1362 1133 1035 869 815 833 679 714 618 588 594 572 543 465 473 456 517 396 444 447 390 385 328 349 374 370 373 351 348 306 354 364 350 328 274 341 297 291 345 322 334 233 359 133791 295000
SLiM_03_sum.txt_boot_050.txt 6487 3183 2234 1572 1356 1162 955 866 769 741 696 567 614 604 544 458 534 419 442 415 442 362 372 379 364 324 345 335 288 305 300 287 296 283 313 292 294 254 267 298 242 258 231 255 245 278 239 217 219 11545 5066 3353 2330 1970 1476 1335 1117 959 918 870 779 677 624 638 619 539 579 563 489 465 443 442 384 458 350 391 383 352 351 351 382 390 326 340 319 307 348 350 317 286 323 306 334 352 292 375 284 320 134143 293749
SLiM_03_sum.txt_boot_051.txt 6385 3223 2298 1575 1376 1131 954 884 705 689 685 592 596 558 530 464 517 433 430 398 449 386 384 396 399 276 343 340 304 327 313 276 305 301 313 284 291 274 251 280 229 231 211 282 218 248 265 201 241 11534 5164 3266 2264 1935 1435 1283 1185 1008 902 823 808 722 651 638 613 526 536 562 482 499 463 450 389 420 378 361 403 295 354 372 383 396 327 357 340 322 364 338 301 320 292 289 306 354 299 304 267 310 134168 293818
SLiM_03_sum.txt_boot_052.txt 6341 3122 2228 1691 1389 1100 951 907 732 700 687 630 545 549 496 467 503 423 435 393 464 369 377 385 339 311 324 383 264 311 257 301 300 288 324 301 327 271 256 295 263 228 233 256 257 222 244 249 209 11569 5044 3325 2305 1935 1519 1318 1163 1021 936 847 810 714 651 642 601 564 521 516 454 434 487 447 393 374 406 435 378 343 355 358 360 435 381 322 335 332 380 354 314 261 309 309 301 305 321 311 276 284 134372 293407
SLiM_03_sum.txt_boot_053.txt 6490 3212 2247 1614 1307 1142 902 790 739 686 672 635 541 581 512 458 499 392 414 430 444 404 356 381 359 333 356 350 259 298 300 283 298 292 306 301 262 269 268 277 249 235 209 272 258 236 246 238 215 11497 5124 3325 2370 1976 1539 1279 1181 988 922 818 749 723 702 664 614 530 616 574 440 497 436 456 394 420 392 413 361 297 350 377 389 395 342 364 300 285 359 318 311 290 323 325 332 354 305 319 288 310 133805 293681
SLiM_03_sum.txt_boot_054.txt 6493 3258 2212 1757 1323 1129 890 826 751 704 649 605 548 529 540 475 534 375 418 454 461 377 350 339 403 286 317 363 291 313 322 267 286 313 324 292 266 292 269 273 256 216 235 272 256 242 225 245 252 11486 5097 3337 2295 1988 1533 1340 1193 982 859 849 789 726 704 600 622 563 612 543 470 508 457 396 355 440 407 411 401 346 356 374 356 435 364 339 349 320 358 345 305 282 287 290 326 368 296 268 296 295 134043 293619
SLiM_03_sum.txt_boot_055.txt 6603 3353 2222 1583 1291 1116 967 809 742 723 691 613 579 547 551 458 473 439 425 411 458 396 317 388 345 351 315 346 286 332 294 312 308 282 301 295 273 266 231 313 260 253 258 272 250 239 228 244 227 11653 5090 3301 2345 1978 1517 1333 1198 904 914 855 810 703 662 637 618 602 528 532 481 470 448 427 375 382 386 411 393 312 355 412 349 387 321 334 346 326 337 312 314 301 321 319 314 359 328 317 277 352 133893 294151
SLiM_03_sum.txt_boot_056.txt 6269 3243 2274 1648 1337 1144 978 835 763 721 653 602 551 530 529 484 545 414 430 452 404 413 379 360 337 333 315 323 295 332 296 286 290 293 306 301 307 296 279 274 218 246 246 255 282 229 215 235 214 11672 5061 3379 2271 1892 1511 1266 1133 1067 899 834 794 655 668 626 566 563 567 500 470 481 441 438 412 419 399 358 377 346 341 383 389 389 370 355 331 292 338 341 291 297 316 309 323 363 317 319 249 328 134324 294049
SLiM_03_sum.txt_boot_057.txt 6329 3186 2186 1595 1399 1092 975 818 733 679 672 603 634 563 525 537 538 451 409 390 445 378 334 351 322 295 325 337 292 324 288 310 275 265 319 277 307 273 279 289 278 252 235 274 252 243 232 232 198 11440 5028 3387 2346 1978 1533 1307 1215 1012 866 875 771 697 623 625 589 557 631 580 449 498 414 458 430 412 375 393 368 366 372 361 371 408 364 358 338 292 343 364 289 285 308 269 332 349 337 295 277 327 134326 293914
SLiM_03_sum.txt_boot_058.txt 6530 3149 2183 1694 1392 1123 982 837 791 702 718 644 595 585 534 467 497 432 406 385 448 368 362 393 353 322 314 347 297 319 287 285 336 290 308 277 302 271 281 279 285 238 237 236 284 249 252 236 211 11514 5237 3265 2331 1901 1536 1231 1145 1002 886 824 817 692 738 650 590 549 613 555 475 519 445 465 408 391 388 393 404 326 355 378 388 391 321 371 318 294 352 326 292 311 336 297 302 369 355 304 234 293 134460 293233
SLiM_03_sum.txt_boot_059.txt 6349 3220 2323 1610 1406 1127 983 838 716 731 666 598 624 568 520 458 524 419 410 425 407 377 372 376 351 333 354 318 265 304 283 269 307 287 299 285 302 295 261 307 261 239 250 224 218 241 224 195 213 11519 5096 3263 2314 1937 1506 1297 1160 959 944 828 814 695 695 672 595 576 575 514 512 497 436 434 423 411 365 387 364 335 338 368 336 365 366 362 345 306 343 339 296 256 297 279 331 352 336 315 306 301 134416 294210
SLiM_03_sum.txt_boot_060.txt 6331 3238 2228 1615 1347 1098 963 813 791 708 677 608 592 610 496 527 481 413 429 388 445 389 343 386 360 360 343 372 262 308 287 312 301 282 327 315 259 293 266 268 253 221 213 240 274 206 204 210 198 11516 5031 3205 2311 1931 1404 1342 1109 993 946 873 791 703 673 625 572 556 569 563 447 471 462 427 402 416 373 407 393 325 355 409 347 395 345 354 322 318 361 322 295 291 330 309 337 389 271 308 260 302 134340 294128
SLiM_03_sum.txt_boot_061.txt 6504 3202 2167 1582 1336 1144 957 806 780 721 689 605 639 581 538 505 552 407 452 390 455 354 353 400 384 321 316 358 276 316 280 306 322 271 314 292 302 262 290 255 237 240 254 253 270 257 234 235 191 11271 4987 3399 2237 1922 1516 1257 1158 983 823 818 745 699 683 628 601 534 527 558 464 470 438 438 403 421 360 381 334 320 357 372 387 377 348 337 333 326 347 326 326 285 366 317 316 336 318 304 281 302 133959 294033
SLiM_03_sum.txt_boot_062.txt 6388 3213 2243 1669 1277 1100 1002 880 760 751 695 608 596 550 534 470 523 434 455 436 455 407 321 359 342 306 352 329 266 345 277 286 315 286 308 284 297 285 248 269 246 250 232 244 257 237 218 232 216 11648 5044 3246 2378 1894 1600 1310 1144 1002 925 869 799 617 662 661 621 603 580 566 455 499 419 431 424 444 432 423 376 303 334 343 401 389 323 357 330 282 349 363 302 313 313 369 344 343 286 310 273 307 134267 294108
SLiM_03_sum.txt_boot_063.txt 6643 3178 2225 1644 1378 1115 984 821 746 701 649 619 628 588 505 516 500 428 441 435 462 368 340 404 343 303 351 351 269 369 294 302 281 269 310 287 276 278 251 310 268 237 253 263 237 258 233 224 221 11743 5093 3429 2327 1918 1555 1297 1154 972 887 834 811 702 697 652 597 579 541 545 456 510 389 455 410 443 376 430 348 322 366 427 369 349 346 328 311 275 351 354 313 283 293 324 335 360 339 327 261 308 134159 294307
SLiM_03_sum.txt_boot_064.txt 6454 3228 2267 1572 1267 1110 941 804 740 746 607 571 618 620 527 513 488 415 424 426 441 377 405 356 349 318 295 310 278 310 314 313 298 292 317 255 304 276 242 286 269 252 207 271 262 241 226 215 221 11530 5055 3291 2337 2015 1563 1377 1159 995 937 903 756 730 690 649 598 556 565 542 451 492 444 467 381 386 382 398 365 333 357 390 375 386 356 342 287 286 374 326 287 272 315 315 331 352 291 316 237 312 133786 293503
SLiM_03_sum.txt_boot_065.txt 6470 3264 2192 1607 1461 1094 971 866 777 698 663 608 549 565 515 449 484 435 441 399 412 389 359 351 350 324 356 309 289 336 288 316 343 299 310 279 255 283 238 275 254 258 236 260 243 228 250 240 224 11460 5103 3343 2351 1934 1544 1321 1196 1032 925 823 806 687 667 643 586 586 607 588 434 487 451 449 356 423 392 406 385 307 362 367 365 400 362 366 335 321 363 318 283 291 318 301 331 359 306 313 286 332 133816 294440
SLiM_03_sum.txt_boot_066.txt 6650 3195 2183 1578 1422 1137 989 858 751 722 681 649 556 597 521 523 493 398 437 400 462 384 379 373 349 323 317 338 278 327 281 289 315 313 287 288 290 277 292 273 279 219 211 252 238 255 225 234 240 11432 4994 3303 2389 1971 1475 1310 1233 955 922 852 821 701 711 615 597 549 599 543 446 482 453 451 391 431 402 351 370 322 344 358 405 422 341 373 337 304 359 312 291 314 328 321 320 397 299 295 288 317 134545 294388
SLiM_03_sum.txt_boot_067.txt 6546 3162 2215 1651 1337 1148 937 824 694 746 668 618 630 533 485 491 518 401 451 419 414 373 364 376 341 315 329 351 309 299 287 293 323 283 310 259 263 280 256 278 278 206 226 239 260 231 244 241 221 11411 4988 3321 2286 1961 1533 1256 1150 1030 908 865 787 712 675 620 591 544 558 522 506 495 498 461 427 423 376 400 344 340 325 354 363 419 374 367 331 304 370 317 335 289 273 334 288 388 291 328 264 299 133977 293533
SLiM_03_sum.txt_boot_068.txt 6417 3242 2139 1552 1337 1168 927 829 742 717 685 598 610 593 508 508 518 443 428 438 437 398 374 386 333 318 330 358 322 315 317 308 312 312 311 314 291 266 264 269 264 238 240 259 249 230 250 220 220 11496 4956 3291 2304 1908 1549 1336 1190 986 881 822 791 734 693 634 614 524 580 542 455 484 466 470 406 423 397 411 347 316 329 404 338 397 337 343 333 284 350 342 322 337 308 297 322 392 322 336 279 301 134794 294215
SLiM_03_sum.txt_boot_069.txt 6430 3222 2193 1681 1451 1075 950 822 774 712 648 600 619 594 502 470 503 397 419 388 439 383 364 355 368 320 351 325 272 317 294 319 311 295 309 284 269 302 233 271 254 233 236 241 248 256 244 235 216 11765 4948 3337 2270 1851 1555 1310 1211 986 884 807 816 664 696 650 633 518 569 542 447 468 483 458 394 413 424 419 364 332 329 342 383 391 379 323 350 307 389 336 329 269 306 299 327 341 328 333 262 315 134147 293949
SLiM_03_sum.txt_boot_070.txt 6403 3145 2209 1648 1347 1115 978 817 738 720 686 608 579 569 516 496 529 410 412 419 432 401 396 377 376 348 325 323 273 294 327 277 302 310 327 294 327 276 249 276 252 231 219 239 283 241 236 214 231 11606 5052 3308 2417 1961 1474 1330 1114 977 887 872 785 700 669 625 667 572 591 529 436 537 473 431 398 413 396 379 368 305 372 383 397 386 334 341 351 333 362 331 335 276 306 271 294 352 309 328 275 309 133305 294648
SLiM_03_sum.txt_boot_071.txt 6427 3085 2140 1659 1386 1049 923 843 713 713 689 604 649 589 527 489 505 433 379 386 474 358 385 335 375 319 355 360 250 329 279 287 325 305 333 258 283 266 238 305 249 231 259 263 285 228 209 225 226 11767 5036 3290 2339 1944 1473 1299 1178 974 851 896 761 676 708 603 609 542 605 547 461 462 426 411 421 403 375 385 401 316 382 368 373 405 324 337 310 280 355 356 304 288 308 316 333 377 302 312 277 299 134042 293003
SLiM_03_sum.txt_boot_072.txt 6437 3287 2233 1677 1318 1104 928 765 769 715 663 577 626 527 490 483 505 386 434 402 433 357 325 358 383 302 332 357 240 298 318 275 294 283 347 277 309 266 263 293 276 226 235 266 255 252 245 210 233 11642 5091 3307 2342 1895 1464 1291 1124 1030 921 839 749 699 662 674 627 555 531 551 466 478 476 439 415 442 353 410 358 275 349 420 371 366 345 340 355 302 349 322 295 285 331 320 331 370 308 348 277 302 134613 292971
SLiM_03_sum.txt_boot_073.txt 6529 3313 2156 1645 1349 1125 940 824 697 706 660 588 594 554 500 467 508 417 398 456 429 412 388 351 358 337 350 370 267 303 317 309 284 287 291 327 259 282 239 297 235 235 230 262 234 233 230 247 214 11533 5138 3308 2323 1896 1527 1296 1165 951 864 821 808 705 693 632 628 546 568 523 428 497 452 446 413 379 416 394 386 305 364 361 356 333 340 350 308 291 342 322 306 304 321 290 320 401 311 315 284 334 134662 293130
SLiM_03_sum.txt_boot_074.txt 6398 3216 2186 1614 1363 1116 987 800 811 717 694 638 625 618 524 497 515 429 377 390 409 398 363 362 365 327 356 350 297 311 306 297 310 302 338 336 301 255 276 272 224 215 257 270 269 238 236 232 214 11423 5155 3306 2442 1956 1440 1254 1199 1026 918 837 778 665 634 677 631 549 577 569 466 467 479 443 432 427 385 377 358 336 345 388 364 375 362 368 329 290 348 312 296 283 314 326 305 355 294 347 262 302 134279 293382
SLiM_03_sum.txt_boot_075.txt 6484 3153 2192 1532 1352 1067 955 846 753 727 636 596 581 567 470 471 505 417 434 423 434 382 358 370 354 354 321 336 286 301 292 312 328 294 304 292 309 270 254 275 232 260 249 226 252 225 235 230 231 11662 4925 3302 2358 1950 1508 1305 1164 995 889 863 756 695 685 589 592 546 594 510 442 516 417 459 400 459 395 410 360 313 336 372 354 415 341 358 304 289 341 337 285 303 296 300 319 408 329 310 224 292 134443 293795
SLiM_03_sum.txt_boot_076.txt 6588 3192 2203 1658 1368 1102 922 802 757 729 670 580 567 617 557 515 503 413 440 436 428 377 367 372 371 326 336 311 284 319 267 303 282 299 292 306 276 266 271 275 255 230 208 252 234 262 255 208 222 11581 5027 3352 2366 1948 1517 1314 1168 954 940 852 809 703 672 680 638 556 559 558 470 455 459 459 380 422 383 394 371 324 357 360 394 407 340 372 341 319 377 329 304 293 308 288 330 369 292 317 291 298 133757 293631
SLiM_03_sum.txt_boot_077.txt 6471 3184 2224 1620 1427 1136 935 864 737 697 673 618 618 579 530 481 495 456 383 432 428 358 359 354 368 303 361 344 274 314 301 296 295 300 361 338 295 266 248 287 238 209 225 265 266 263 223 242 239 11394 5057 3224 2303 1914 1564 1344 1179 980 947 777 766 652 706 569 642 522 534 550 455 491 397 505 433 423 451 372 404 300 353 375 370 420 367 355 348 295 349 321 305 283 294 311 312 360 329 317 270 280 134297 293233
SLiM_03_sum.txt_boot_078.txt 6516 3184 2224 1579 1318 1092 945 852 730 686 679 607 574 571 494 503 519 418 452 358 439 405 361 371 390 305 354 378 275 302 285 285 303 279 286 284 262 255 246 275 240 276 243 241 267 262 242 240 231 11572 4985 3370 2293 1938 1536 1320 1224 958 968 814 805 680 627 621 622 587 578 571 452 443 471 418 391 439 417 399 356 327 328 374 403 396 348 366 314 306 378 337 310 308 313 289 305 360 304 331 251 330 134836 293558
SLiM_03_sum.txt_boot_079.txt 6376 3227 2082 1560 1336 1137 922 879 735 716 690 667 603 560 528 470 516 395 424 422 457 391 384 389 352 324 348 341 297 291 292 271 289 311 284 329 285 258 278 320 249 256 250 277 233 203 215 218 219 11585 5106 3460 2342 1929 1482 1343 1155 932 864 803 774 759 684 653 615 549 562 541 468 490 419 460 369 357 413 415 359 339 367 383 403 420 353 317 379 305 382 359 344 266 319 307 292 375 291 347 239 293 134301 294285
SLiM_03_sum.txt_boot_080.txt 6445 3295 2215 1587 1395 1060 945 842 762 765 668 638 611 613 477 441 517 464 422 412 448 357 351 357 385 333 350 307 287 306 311 301 317 330 354 265 283 262 257 265 276 250 243 266 247 249 218 225 214 11658 5045 3299 2331 1945 1559 1333 1185 976 873 850 737 640 735 609 632 585 589 499 471 465 458 457 359 427 374 382 392 313 364 356 352 390 375 347 310 295 371 356 299 292 316 306 325 352 329 285 294 309 134269 292873
SLiM_03_sum.txt_boot_081.txt 6406 3154 2191 1609 1354 1081 965 814 755 743 684 574 585 577 507 472 573 400 424 414 477 395 401 367 377 324 353 328 266 326 292 297 275 287 302 268 258 279 272 290 228 214 231 244 250 259 229 250 219 11659 5178 3319 2353 1974 1502 1231 1237 1054 904 801 722 708 653 616 630 512 588 576 451 493 454 424 406 426 420 412 377 349 360 374 411 401 401 332 331 298 348 307 327 286 293 298 306 365 322 325 266 305 134119 292336
SLiM_03_sum.txt_boot_082.txt 6508 3224 2229 1629 1400 1104 953 848 799 661 682 563 592 612 531 498 518 408 413 400 472 450 342 350 359 351 321 345 277 289 279 310 313 298 306 275 302 306 254 296 252 213 219 255 253 245 225 205 228 11427 5112 3399 2240 1894 1514 1303 1145 1037 862 830 782 737 670 632 610 593 604 552 458 472 421 440 345 404 386 409 377 348 376 369 411 410 352 336 335 344 365 340 294 264 314 278 311 387 330 316 269 309 134462 293400
SLiM_03_sum.txt_boot_083.txt 6525 3167 2175 1648 1371 1163 974 873 779 724 704 585 559 559 556 576 520 433 417 407 444 367 375 373 352 308 291 335 272 349 284 294 283 265 332 277 303 241 270 317 233 245 220 275 248 260 242 248 213 11563 5008 3321 2251 1967 1519 1293 1280 998 870 887 755 688 682 681 604 556 583 553 402 495 452 468 383 381 394 354 375 315 383 392 391 402 353 344 369 295 354 317 295 322 302 321 327 373 319 332 257 302 133421 293465
SLiM_03_sum.txt_boot_084.txt 6494 3206 2153 1613 1392 1121 952 824 741 677 682 582 619 590 553 464 516 401 403 417 426 386 349 366 326 340 302 308 282 354 297 300 294 334 318 279 280 286 282 283 250 236 210 242 270 240 252 265 206 11541 5102 3286 2325 1881 1575 1352 1185 976 915 918 736 735 702 620 638 535 550 594 456 459 458 420 411 397 401 417 412 303 349 382 352 400 335 326 318 315 358 361 305 313 319 330 319 365 282 318 242 316 134148 294830
SLiM_03_sum.txt_boot_085.txt 6514 3172 2202 1616 1355 1144 976 812 704 710 682 587 634 569 513 446 534 456 423 381 456 379 351 398 386 307 332 341 279 301 278 297 323 299 297 328 265 275 234 305 266 243 233 258 247 238 257 239 227 11422 5026 3287 2299 1882 1488 1365 1205 936 900 856 793 729 648 604 606 549 554 552 475 485 410 448 437 387 417 372 402 296 357 391 352 445 385 342 326 306 335 341 263 301 313 315 352 365 329 310 251 319 133917 293771
SLiM_03_sum.txt_boot_086.txt 6556 3329 2246 1589 1374 1083 957 839 712 710 629 623 631 586 534 487 504 410 415 418 421 385 348 377 373 300 373 355 266 312 275 292 295 310 354 296 279 296 260 272 262 222 247 255 253 253 234 222 201 11560 4939 3237 2279 1990 1582 1365 1193 1005 891 884 785 712 650 616 655 579 617 508 446 524 449 461 377 405 377 396 382 332 344 384 368 411 339 335 337 311 352 349 300 304 308 303 327 343 320 300 243 322 134635 294993
SLiM_03_sum.txt_boot_087.txt 6492 3349 2219 1618 1412 1114 965 816 752 743 670 587 599 607 522 471 485 420 431 391 438 365 352 371 361 294 346 352 267 312 314 268 314 279 317 296 308 263 233 298 240 264 256 243 274 265 213 256 223 11456 5011 3316 2350 1970 1527 1361 1173 1055 912 796 713 684 687 642 580 572 585 593 438 491 434 449 403 398 391 363 366 361 353 396 365 362 328 324 296 281 341 335 288 319 334 303 301 368 349 335 261 303 134619 293333
SLiM_03_sum.txt_boot_088.txt 6585 3213 2190 1674 1333 1111 954 802 736 689 680 598 579 515 531 493 486 426 445 378 455 363 364 356 329 319 352 343 302 335 301 295 284 286 310 347 284 277 245 300 238 254 231 256 251 248 227 213 238 11445 5010 3242 2408 1989 1561 1353 1222 1024 898 873 797 673 739 627 622 546 573 556 508 497 448 446 407 409 388 401 387 300 308 357 333 386 341 326 309 298 374 328 293 275 323 296 346 345 315 325 293 339 134438 293517
SLiM_03_sum.txt_boot_089.txt 6485 3218 2186 1626 1393 1132 967 823 757 738 677 599 561 577 519 494 508 410 448 401 441 379 395 374 367 301 310 342 266 319 318 268 319 280 311 284 325 283 259 263 242 225 219 228 248 238 253 238 235 11388 5216 3296 2329 1871 1471 1361 1136 995 898 884 811 683 729 622 593 552 618 534 488 499 396 416 404 419 419 401 383 345 374 370 379 378 339 326 355 313 340 360 323 305 323 298 295 355 277 298 229 272 133716 293378
SLiM_03_sum.txt_boot_090.txt 6303 3310 2174 1569 1348 1158 972 819 763 705 666 606 619 610 527 492 507 393 430 376 422 411 361 369 389 308 346 337 267 300 298 273 282 282 303 289 288 280 259 262 230 218 253 264 250 265 242 227 211 11597 5099 3298 2250 1957 1588 1356 1154 1055 912 807 823 725 635 654 610 536 585 513 472 468 483 415 408 385 400 381 419 336 379 350 363 382 347 333 348 325 342 330 331 305 325 334 326 413 337 299 277 285 133676 294021
SLiM_03_sum.txt_boot_091.txt 6535 3058 2224 1567 1341 1114 939 822 698 725 688 609 595 555 525 505 533 455 455 434 453 380 352 385 362 298 298 339 274 316 304 280 314 310 302 284 286 290 244 296 224 241 238 277 240 219 209 189 207 11714 5081 3356 2316 1947 1614 1316 1126 978 867 864 792 700 704 637 634 571 622 565 434 473 432 452 406 371 406 404 362 360 367 381 389 365 344 296 347 287 348 310 326 311 312 296 329 369 315 308 288 311 134861 294048
SLiM_03_sum.txt_boot_092.txt 6331 3170 2233 1627 1412 1182 898 808 734 702 678 620 589 551 517 457 491 405 461 401 437 357 348 360 358 301 327 354 289 338 295 312 325 306 304 296 282 275 264 271 261 236 247 228 246 245 249 237 250 11363 5019 3322 2312 2054 1535 1348 1115 979 900 874 818 742 676 705 609 531 575 542 451 528 488 435 436 435 420 393 370 334 370 404 376 420 326 343 354 313 360 329 302 309 314 298 298 371 317 314 262 300 133844 293782
SLiM_03_sum.txt_boot_093.txt 6429 3218 2256 1658 1344 1110 938 844 754 730 674 600 649 571 481 512 518 410 419 406 472 392 392 332 348 311 303 364 282 337 259 312 316 302 324 273 267 260 272 273 261 247 204 247 239 234 234 200 230 11531 5089 3270 2340 2023 1550 1296 1148 962 857 878 796 683 643 620 618 554 592 509 468 505 404 506 397 349 427 379 355 298 354 350 362 417 338 312 339 295 377 358 339 308 330 281 339 392 320 292 242 314 134314 293618
SLiM_03_sum.txt_boot_094.txt 6313 3210 2172 1638 1301 1060 966 836 725 714 655 573 592 548 494 514 453 446 443 390 411 401 365 406 359 323 342 305 284 325 289 318 291 315 292 319 292 280 282 284 256 250 216 252 259 253 246 242 239 11658 4953 3408 2337 1912 1499 1323 1196 945 922 833 793 720 694 567 640 519 569 588 495 497 434 443 404 423 386 372 359 323 350 349 398 409 410 379 345 310 381 365 293 292 317 316 356 369 296 300 264 278 134213 294257
SLiM_03_sum.txt_boot_095.txt 6473 3118 2193 1606 1396 1139 945 786 714 727 683 593 601 605 544 509 524 426 398 369 418 377 340 367 375 303 328 344 299 292 328 298 308 323 307 318 310 278 263 288 250 263 235 256 219 239 232 208 215 11672 5122 3371 2348 1895 1515 1277 1194 945 950 844 778 712 678 623 581 555 588 527 450 501 400 441 406 382 380 400 400 344 379 387 365 421 339 360 357 294 374 336 282 312 328 300 282 375 286 352 268 289 133921 293456
SLiM_03_sum.txt_boot_096.txt 6445 3195 2195 1615 1344 1126 943 803 764 717 647 628 586 579 519 471 486 454 442 391 417 361 364 370 374 316 323 320 272 306 284 297 305 266 302 272 279 255 255 296 236 237 227 247 234 263 248 233 230 11612 5130 3274 2336 1946 1486 1322 1185 980 841 826 755 602 687 620 638 551 621 552 433 449 446 432 425 400 407 375 392 336 362 361 350 336 365 351 355 313 386 346 310 303 325 293 281 358 300 324 268 320 134154 293715
SLiM_03_sum.txt_boot_097.txt 6514 3279 2224 1671 1336 1143 925 800 765 654 670 572 616 558 520 515 537 422 437 397 432 360 339 352 340 326 335 302 310 311 296 328 310 287 303 295 275 274 258 257 266 232 242 255 241 260 227 222 212 11495 5080 3280 2281 1920 1589 1294 1132 1006 844 815 790 721 646 660 598 551 541 524 453 474 444 464 441 412 386 428 407 311 359 364 384 417 362 339 331 298 360 364 292 318 322 320 295 372 319 310 259 297 134229 294423
SLiM_03_sum.txt_boot_098.txt 6534 3291 2241 1616 1356 1106 982 825 706 647 656 562 628 594 550 471 519 415 401 394 453 422 346 385 371 353 330 351 300 331 332 316 305 316 310 287 284 247 243 288 243 234 251 255 265 274 255 232 244 11456 5084 3322 2327 1955 1478 1326 1167 967 848 829 765 709 670 627 590 528 552 555 473 453 460 428 371 379 382 404 351 332 335 366 347 409 323 352 325 291 366 320 307 311 334 356 342 376 307 303 317 335 134428 294132
SLiM_03_sum.txt_boot_099.txt 6521 3186 2215 1595 1429 1091 910 829 766 701 654 594 630 591 506 511 509 414 454 415 398 405 378 379 352 333 341 307 271 329 269 287 306 310 310 295 291 281 276 279 236 230 189 263 264 250 243 205 243 11624 5051 3269 2315 1957 1485 1262 1180 975 914 881 807 691 671 594 574 560 618 532 488 495 438 470 369 404 410 407 372 315 356 376 361 370 353 365 358 323 366 343 305 287 301 293 286 357 335 319 251 308 134472 294252
SLiM_03_sum.txt_boot_100.txt 6501 3251 2262 1625 1389 1100 961 789 775 715 692 646 590 598 516 503 494 423 448 401 473 384 353 381 338 331 328 370 286 328 312 307 290 289 340 268 259 309 239 295 233 232 222 230 258 220 250 241 218 11519 5047 3250 2304 1883 1550 1330 1163 938 893 812 791 699 697 626 625 591 552 549 487 504 473 458 423 405 377 420 378 324 323 396 358 380 344 382 329 293 342 310 290 290 299 299 315 348 307 339 278 298 133868 294599
