scenario Pi.Syn1 Pi.Syn2 Pi.Syn3 Pi.Syn4 Pi.Syn5 Pi.Syn6 Pi.Syn7 Pi.Syn8 Pi.Syn9 Pi.Syn10 Pi.Syn11 Pi.Syn12 Pi.Syn13 Pi.Syn14 Pi.Syn15 Pi.Syn16 Pi.Syn17 Pi.Syn18 Pi.Syn19 Pi.Syn20 Pi.Syn21 Pi.Syn22 Pi.Syn23 Pi.Syn24 Pi.Syn25 Pi.Syn26 Pi.Syn27 Pi.Syn28 Pi.Syn29 Pi.Syn30 Pi.Syn31 Pi.Syn32 Pi.Syn33 Pi.Syn34 Pi.Syn35 Pi.Syn36 Pi.Syn37 Pi.Syn38 Pi.Syn39 Pi.Syn40 Pi.Syn41 Pi.Syn42 Pi.Syn43 Pi.Syn44 Pi.Syn45 Pi.Syn46 Pi.Syn47 Pi.Syn48 Pi.Syn49 Pi.NSyn1 Pi.NSyn2 Pi.NSyn3 Pi.NSyn4 Pi.NSyn5 Pi.NSyn6 Pi.NSyn7 Pi.NSyn8 Pi.NSyn9 Pi.NSyn10 Pi.NSyn11 Pi.NSyn12 Pi.NSyn13 Pi.NSyn14 Pi.NSyn15 Pi.NSyn16 Pi.NSyn17 Pi.NSyn18 Pi.NSyn19 Pi.NSyn20 Pi.NSyn21 Pi.NSyn22 Pi.NSyn23 Pi.NSyn24 Pi.NSyn25 Pi.NSyn26 Pi.NSyn27 Pi.NSyn28 Pi.NSyn29 Pi.NSyn30 Pi.NSyn31 Pi.NSyn32 Pi.NSyn33 Pi.NSyn34 Pi.NSyn35 Pi.NSyn36 Pi.NSyn37 Pi.NSyn38 Pi.NSyn39 Pi.NSyn40 Pi.NSyn41 Pi.NSyn42 Pi.NSyn43 Pi.NSyn44 Pi.NSyn45 Pi.NSyn46 Pi.NSyn47 Pi.NSyn48 Pi.NSyn49 Div.Syn Div.Nsyn
SLiM_05_sum.txt 23958 12025 8179 6190 4882 4017 3521 3095 2629 2361 2194 2055 1933 1689 1640 1494 1416 1301 1308 1163 1154 1138 1056 995 926 968 903 861 826 783 795 759 724 742 639 683 655 636 621 631 582 578 558 558 555 528 493 479 473 37143 16105 10017 7116 5612 4434 3707 3160 2783 2419 2264 2052 1920 1676 1689 1435 1350 1372 1245 1103 1121 1065 989 988 929 839 919 806 804 781 718 734 695 623 643 628 605 648 602 602 560 557 576 543 503 535 520 508 479 118561 126300
SLiM_05_sum.txt_boot_001.txt 23710 12175 8199 6172 4929 3901 3478 3106 2573 2365 2230 2000 1950 1610 1663 1487 1330 1290 1311 1133 1149 1147 1062 993 918 997 881 918 792 753 824 779 751 698 650 689 649 654 656 633 641 550 542 521 555 583 484 493 451 37140 16254 10054 7059 5602 4359 3822 3201 2790 2476 2182 1997 1932 1675 1627 1453 1299 1421 1223 1144 1083 1107 1005 964 930 867 911 775 823 743 700 706 742 613 646 607 585 675 624 611 602 565 559 516 513 521 499 490 489 118100 126713
SLiM_05_sum.txt_boot_002.txt 24151 12101 8142 6232 4960 4027 3458 3201 2644 2349 2135 2113 1883 1745 1678 1532 1476 1197 1281 1229 1131 1093 1002 967 886 988 900 868 801 787 781 694 763 722 690 691 659 621 623 646 596 602 572 576 509 477 498 480 515 36901 16181 10084 7167 5667 4475 3700 3163 2762 2366 2182 1993 1882 1694 1717 1413 1346 1374 1182 1080 1103 1065 938 938 903 814 869 801 804 794 707 758 651 598 702 613 589 669 595 632 564 508 595 545 512 566 507 536 456 117640 126715
SLiM_05_sum.txt_boot_003.txt 23821 11996 8230 6248 4778 3946 3468 3153 2616 2341 2194 2035 1887 1732 1683 1492 1439 1321 1332 1127 1154 1169 1073 1013 923 999 898 879 768 783 834 757 695 776 611 657 667 619 578 624 560 588 561 600 579 558 501 499 472 36822 16089 10209 7184 5715 4500 3674 3376 2850 2407 2203 2025 1853 1644 1701 1460 1409 1343 1246 1097 1070 1077 1014 979 933 780 925 807 739 764 729 723 685 594 622 617 602 662 587 575 549 532 580 515 479 575 553 554 518 118346 127140
SLiM_05_sum.txt_boot_004.txt 24078 12125 8161 6295 4912 3982 3530 3091 2690 2284 2191 2061 1939 1758 1676 1530 1361 1270 1294 1131 1149 1078 1026 971 957 973 919 856 781 766 825 749 725 726 623 672 608 686 591 589 612 601 569 537 563 515 461 497 485 37197 16120 9987 7194 5694 4507 3688 3198 2695 2442 2276 2129 1925 1695 1652 1472 1413 1390 1228 1079 1078 1082 985 1030 928 860 906 818 845 794 697 750 697 613 686 625 607 640 621 639 522 572 579 533 469 523 512 542 504 118656 126710
SLiM_05_sum.txt_boot_005.txt 24093 11984 8163 6292 4852 3937 3552 3174 2554 2417 2194 2032 1903 1676 1617 1557 1445 1273 1274 1224 1166 1186 1052 970 998 924 891 904 818 782 788 730 682 785 661 683 663 652 600 651 541 572 582 532 560 502 501 509 417 37345 16138 10143 7069 5537 4377 3735 3204 2808 2374 2231 1972 1939 1711 1688 1434 1385 1407 1214 1041 1145 1053 968 962 901 878 920 814 745 754 715 740 716 609 686 622 576 653 637 611 591 561 587 504 541 502 498 524 454 118625 126394
SLiM_05_sum.txt_boot_006.txt 23905 11968 8221 6191 4830 4172 3496 2976 2591 2335 2162 2062 1963 1693 1630 1522 1443 1371 1301 1144 1168 1112 1157 974 901 1003 908 857 784 796 778 787 693 737 652 714 700 630 549 608 588 575 559 570 588 550 485 508 506 37055 15985 9922 7110 5619 4434 3710 3178 2812 2498 2333 2018 1878 1748 1717 1404 1373 1396 1232 1068 1102 1070 1013 990 924 836 858 803 750 817 710 745 686 640 620 588 564 657 567 545 562 561 560 570 499 539 517 520 484 118423 126188
SLiM_05_sum.txt_boot_007.txt 24009 11870 8118 6228 4816 4079 3612 3046 2653 2340 2260 2112 1902 1740 1720 1508 1442 1263 1291 1118 1160 1174 1087 973 919 1016 921 890 815 817 786 776 722 718 636 686 658 647 579 625 569 571 537 525 589 485 519 481 514 36988 16104 10050 7026 5593 4436 3613 3066 2835 2458 2289 2081 1947 1711 1618 1465 1319 1358 1243 1138 1098 1099 929 986 946 837 853 827 794 785 742 742 726 620 621 645 613 675 614 607 567 579 578 534 498 520 486 481 460 119018 126854
SLiM_05_sum.txt_boot_008.txt 24036 11940 8239 6176 4956 4048 3542 3095 2620 2304 2182 2059 1894 1703 1648 1523 1382 1342 1333 1115 1104 1198 1060 974 959 895 886 890 826 786 829 751 708 724 644 702 617 636 592 620 616 592 534 578 543 517 531 480 448 37189 16129 9961 7045 5555 4471 3728 3100 2775 2398 2238 2079 1949 1586 1736 1390 1419 1401 1243 1115 1075 1102 990 966 913 824 882 843 817 759 710 746 757 647 649 608 628 663 569 555 537 552 597 562 484 548 506 505 452 119083 126188
SLiM_05_sum.txt_boot_009.txt 24102 11983 8198 6362 4895 4013 3450 3094 2591 2435 2154 1997 1970 1699 1651 1527 1421 1312 1276 1149 1157 1151 1083 1023 921 934 889 895 801 791 783 814 717 775 634 646 696 654 654 617 570 541 584 560 570 546 473 450 483 36745 15905 9976 7091 5657 4315 3729 3189 2701 2381 2236 2085 1860 1674 1626 1420 1363 1347 1260 1091 1122 995 963 932 920 886 942 786 829 813 752 734 685 621 662 614 603 630 582 647 553 541 585 547 486 507 495 490 491 118326 126007
SLiM_05_sum.txt_boot_010.txt 23996 11995 8266 6198 4869 4067 3546 2871 2547 2402 2219 2042 1934 1635 1646 1481 1354 1307 1320 1155 1104 1198 1012 1011 940 925 903 889 813 784 815 788 717 791 640 652 699 618 623 621 586 619 551 584 573 500 501 451 477 37131 16074 10165 7128 5484 4503 3634 3135 2753 2443 2314 2041 1826 1695 1685 1487 1309 1327 1345 1125 1101 1082 999 1013 924 823 924 827 779 766 693 742 690 609 638 623 612 622 628 623 523 539 573 527 489 520 504 516 489 118935 125656
SLiM_05_sum.txt_boot_011.txt 23974 11945 8220 6177 4907 4029 3460 3024 2709 2335 2189 2041 1953 1770 1640 1539 1470 1324 1322 1133 1134 1140 1058 1000 955 970 834 915 827 814 743 744 672 738 624 645 649 668 652 604 605 616 507 578 555 496 480 446 453 37239 15854 10311 6973 5486 4507 3774 3174 2876 2413 2295 2116 1871 1617 1676 1432 1385 1393 1202 1091 1092 1099 999 997 973 846 964 811 813 824 759 706 696 613 629 601 610 667 629 599 555 563 616 569 503 554 539 529 478 118091 126532
SLiM_05_sum.txt_boot_012.txt 24172 11903 8098 6214 4791 3966 3487 3114 2588 2329 2284 2100 1939 1686 1578 1475 1395 1222 1234 1153 1144 1182 1048 996 876 994 953 845 751 785 780 762 727 715 655 698 662 637 673 642 615 616 557 574 556 563 497 499 459 36961 16235 9992 7060 5532 4483 3685 3231 2781 2430 2261 2090 1936 1611 1718 1378 1318 1324 1228 1142 1112 1053 952 979 956 814 948 855 810 782 767 686 713 596 651 609 605 673 592 576 549 550 580 600 540 516 526 506 479 118397 126074
SLiM_05_sum.txt_boot_013.txt 24126 12109 8177 5947 4860 4054 3465 3179 2621 2357 2207 2085 1879 1665 1643 1494 1401 1294 1264 1216 1095 1183 1005 1043 924 956 941 829 825 762 733 788 750 709 639 691 618 594 661 651 569 569 581 533 575 557 466 463 470 37308 16154 10193 7098 5696 4562 3762 3178 2860 2449 2285 2073 1859 1620 1706 1397 1318 1394 1291 1064 1096 1069 991 992 932 833 886 789 803 805 697 769 665 636 653 636 580 665 602 598 559 581 596 558 499 497 535 477 483 118576 126872
SLiM_05_sum.txt_boot_014.txt 23943 12048 8229 6157 4894 4028 3454 3092 2604 2335 2211 2127 1962 1644 1625 1479 1398 1235 1296 1173 1195 1128 1061 998 905 1004 832 900 855 807 806 776 678 766 605 665 653 626 643 602 590 546 543 578 551 483 483 475 441 37062 16013 9967 7133 5582 4460 3750 3242 2841 2368 2278 2070 1942 1696 1663 1448 1332 1261 1280 1079 1155 1073 954 1012 1000 786 919 793 812 772 721 708 717 631 588 583 582 658 564 626 559 582 613 570 505 496 497 519 474 118510 127026
SLiM_05_sum.txt_boot_015.txt 23831 11878 8289 6019 4878 3969 3501 3086 2646 2274 2137 2145 1890 1687 1665 1577 1407 1335 1288 1146 1157 1151 1083 1001 870 957 838 806 805 787 806 768 663 745 626 633 655 679 580 600 593 575 549 506 537 533 518 445 458 37104 16173 10038 7136 5581 4426 3612 3174 2864 2325 2195 1966 1979 1661 1655 1437 1379 1320 1240 1137 1224 1071 980 968 912 844 934 790 854 754 704 748 695 585 686 603 593 646 617 613 573 571 553 547 497 530 554 507 478 119263 126834
SLiM_05_sum.txt_boot_016.txt 23933 12018 8053 6264 4891 4095 3554 3126 2651 2305 2183 2055 1960 1685 1630 1481 1396 1282 1302 1190 1085 1126 1109 939 945 976 863 818 834 823 834 778 768 738 639 717 687 602 618 625 557 586 535 517 515 501 483 480 498 37198 16068 10039 7110 5648 4518 3768 3168 2776 2439 2254 1990 1956 1645 1680 1432 1327 1406 1213 1101 1086 1076 946 1058 924 838 909 861 788 790 694 687 676 642 671 654 565 646 609 599 584 549 525 533 503 565 551 472 487 118092 126241
SLiM_05_sum.txt_boot_017.txt 23898 11985 8092 6213 4848 4034 3501 3101 2611 2244 2202 2123 1952 1686 1655 1478 1451 1372 1293 1146 1188 1206 1043 997 878 993 828 830 856 750 756 846 710 763 630 686 674 658 651 626 579 577 595 554 593 535 472 454 497 37172 15905 10082 7148 5629 4452 3703 3028 2794 2350 2340 2098 1937 1636 1732 1548 1361 1271 1267 1075 1115 1060 978 981 945 793 891 827 838 800 744 830 710 612 661 647 616 648 581 633 516 531 595 535 488 494 528 538 490 118539 126352
SLiM_05_sum.txt_boot_018.txt 24077 12005 8138 6231 4856 4011 3429 3183 2628 2368 2201 2039 1952 1663 1647 1484 1404 1293 1273 1159 1220 1125 1122 993 885 935 889 865 847 768 806 733 695 739 626 704 681 629 616 673 594 603 568 583 495 500 535 444 459 36827 16052 9894 6987 5680 4542 3748 3154 2776 2448 2244 1964 1845 1629 1644 1423 1357 1377 1224 1121 1142 1078 1035 1074 927 848 882 848 739 805 758 692 717 616 630 674 557 635 581 617 558 590 555 541 461 528 519 505 510 118489 126460
SLiM_05_sum.txt_boot_019.txt 23934 12116 8211 6183 5001 4019 3510 3020 2672 2347 2258 2054 1974 1719 1633 1513 1402 1283 1334 1176 1141 1183 1044 995 925 978 893 912 832 824 859 753 724 735 634 666 668 675 587 645 585 617 542 551 530 516 476 524 479 37181 16151 10027 7046 5497 4489 3726 3128 2792 2418 2283 2058 1909 1626 1729 1428 1369 1387 1226 1068 1113 1091 1050 961 914 781 890 844 765 795 692 757 702 610 667 639 599 662 635 654 604 620 591 539 504 558 501 504 463 118720 125754
SLiM_05_sum.txt_boot_020.txt 23960 11957 8136 6302 4791 4087 3573 3143 2625 2369 2095 1972 1974 1657 1577 1501 1435 1316 1298 1220 1108 1181 1041 1010 932 980 920 843 849 745 819 793 698 757 655 673 648 608 601 645 622 597 554 567 554 524 483 505 470 37428 16044 10095 7082 5608 4407 3766 3115 2859 2496 2246 2052 1891 1751 1689 1453 1401 1432 1284 1082 1045 1035 953 977 944 833 899 808 777 784 665 752 664 628 655 621 592 645 624 601 547 523 567 576 494 560 523 516 457 118882 126420
SLiM_05_sum.txt_boot_021.txt 23766 11875 8122 6169 4940 4021 3536 3123 2632 2393 2118 2113 1978 1644 1629 1508 1446 1218 1278 1234 1101 1162 1047 1040 905 956 911 873 805 775 770 744 751 726 637 666 628 629 568 686 553 581 561 580 564 563 537 516 464 36981 15937 9914 7132 5614 4451 3726 3050 2808 2433 2196 2052 1936 1650 1665 1510 1350 1368 1218 1086 1108 1026 907 995 950 858 919 849 814 773 759 738 706 616 587 629 627 652 585 588 584 549 570 517 501 521 513 520 496 118866 125972
SLiM_05_sum.txt_boot_022.txt 23918 12162 8163 6192 4838 3951 3533 3079 2644 2343 2179 2069 1942 1779 1571 1487 1387 1304 1320 1125 1209 1162 1048 1012 914 1008 881 868 784 754 787 726 665 663 639 669 656 621 649 637 555 576 517 552 533 495 474 498 465 37050 16172 9894 7169 5669 4478 3734 3198 2787 2435 2253 2025 1882 1691 1706 1434 1346 1416 1203 1060 1130 1101 1007 931 901 843 876 772 794 764 709 712 694 601 645 584 625 656 631 584 586 571 597 551 488 545 541 472 496 118450 126161
SLiM_05_sum.txt_boot_023.txt 23843 12018 8257 6163 4851 3915 3496 3042 2562 2367 2141 1996 1902 1647 1584 1514 1373 1277 1350 1125 1165 1182 1024 991 955 960 914 880 887 759 778 730 742 711 638 724 654 617 616 635 586 576 575 541 545 486 489 482 442 37020 15889 10066 6892 5549 4503 3731 3243 2849 2344 2223 2063 1871 1644 1578 1476 1326 1402 1233 1127 1091 1066 992 972 963 820 930 813 787 750 719 687 701 602 631 639 604 683 606 592 512 567 575 515 483 509 476 492 482 117865 125925
SLiM_05_sum.txt_boot_024.txt 23811 12094 8174 6243 4949 4152 3486 3035 2669 2334 2227 2017 1956 1654 1661 1469 1431 1312 1291 1179 1215 1147 1067 1003 894 969 884 899 887 791 801 737 770 796 609 682 649 670 601 608 571 586 584 501 507 534 488 503 452 36955 15974 10124 7117 5470 4350 3687 3227 2790 2343 2276 2091 1881 1682 1674 1388 1375 1384 1240 1095 1114 1119 1029 980 907 856 897 792 812 811 740 742 736 600 663 581 640 658 638 580 555 554 584 542 507 539 515 541 515 118480 126316
SLiM_05_sum.txt_boot_025.txt 24088 11984 8259 6178 4856 4217 3541 3021 2565 2335 2195 2015 1915 1751 1684 1535 1467 1300 1304 1134 1254 1085 1046 980 905 976 857 899 817 807 772 746 709 751 639 722 644 621 630 644 594 611 556 526 559 580 523 475 490 37104 16458 10221 7111 5462 4350 3725 3215 2748 2403 2274 2067 1873 1671 1673 1427 1342 1331 1287 1146 1162 1070 979 937 925 834 896 796 776 752 779 742 704 628 638 641 599 672 642 593 554 607 582 530 509 530 528 541 475 118893 126624
SLiM_05_sum.txt_boot_026.txt 24187 12188 8275 6153 4834 3980 3503 3156 2629 2358 2228 2010 1983 1613 1620 1512 1432 1286 1252 1136 1168 1148 1094 983 964 963 885 884 769 718 782 709 732 744 623 638 638 637 628 642 591 616 547 555 531 549 491 493 469 37081 16118 10069 7062 5586 4318 3657 3075 2777 2467 2293 2015 1880 1625 1646 1341 1388 1385 1234 1149 1152 1051 964 953 963 804 924 818 823 755 696 712 741 618 651 638 613 644 580 578 561 559 598 555 584 515 572 530 498 117874 126347
SLiM_05_sum.txt_boot_027.txt 23900 12170 8220 6127 4868 4032 3489 3065 2619 2304 2211 2049 1896 1701 1622 1477 1400 1336 1344 1159 1165 1104 1084 929 918 955 908 894 834 753 835 743 765 749 620 710 667 664 616 660 591 609 582 570 586 545 486 479 497 37031 16192 10026 7222 5640 4529 3568 3109 2794 2415 2327 1977 1830 1655 1637 1433 1353 1423 1216 1105 1111 1024 981 997 934 833 898 807 817 749 671 731 652 638 686 631 612 571 554 595 566 590 621 565 500 509 549 470 481 118821 126382
SLiM_05_sum.txt_boot_028.txt 23844 12187 8161 6083 5002 3949 3492 3012 2523 2373 2164 2194 1946 1592 1692 1571 1452 1202 1295 1161 1168 1176 1029 960 914 964 817 838 803 841 849 780 689 725 630 677 675 622 582 645 615 560 545 566 588 519 477 484 428 37301 16144 10114 7047 5673 4418 3792 3184 2757 2378 2328 1960 1924 1657 1685 1494 1298 1439 1235 1150 1161 1038 979 973 945 884 899 803 850 765 686 696 720 626 609 644 637 620 636 586 544 530 615 558 500 589 501 512 466 118744 127065
SLiM_05_sum.txt_boot_029.txt 23766 12126 8244 6277 4945 4065 3502 3038 2601 2348 2236 1927 1911 1632 1664 1443 1488 1308 1335 1178 1102 1087 1058 1029 944 936 900 846 818 718 837 742 711 733 664 663 629 637 630 621 583 594 585 541 537 513 486 496 491 37291 16281 9999 7326 5635 4410 3669 3217 2727 2461 2221 2113 1946 1687 1683 1378 1379 1336 1276 1091 1117 1080 1032 1003 930 836 951 848 872 769 730 706 708 650 639 618 586 638 637 629 563 557 594 544 503 498 517 533 428 118366 125975
SLiM_05_sum.txt_boot_030.txt 24034 11967 8151 6317 4841 3979 3543 3213 2689 2335 2248 2077 1890 1702 1752 1488 1454 1267 1305 1208 1105 1119 1037 957 915 997 891 847 856 802 781 744 727 760 676 716 631 613 602 612 585 614 508 537 566 536 465 491 493 37585 15854 10119 7051 5414 4369 3743 3182 2781 2323 2208 2073 1922 1670 1651 1461 1326 1404 1313 1041 1129 1079 964 1081 893 841 885 819 815 733 704 782 713 631 646 609 596 637 557 609 571 521 587 560 478 544 519 494 490 118666 125742
SLiM_05_sum.txt_boot_031.txt 24058 12173 8009 6177 5035 4033 3448 3081 2620 2279 2210 2073 1955 1714 1626 1538 1408 1274 1347 1150 1070 1175 1032 1064 980 964 899 867 874 788 840 761 748 769 661 670 604 643 665 615 588 619 571 571 596 549 495 432 444 37151 16145 10038 6895 5586 4518 3606 3102 2806 2483 2241 2091 1972 1689 1633 1408 1391 1361 1268 1032 1122 1083 1062 987 944 838 965 823 779 777 729 737 731 635 629 628 557 620 624 613 567 600 582 541 509 579 527 544 472 118765 126157
SLiM_05_sum.txt_boot_032.txt 24273 12137 8177 6328 4893 4017 3578 3044 2675 2374 2212 2017 1831 1703 1574 1544 1410 1284 1314 1121 1200 1112 1067 1018 940 950 863 842 805 747 791 751 732 731 626 675 657 632 622 636 593 591 554 555 547 519 519 460 451 37247 16128 9903 7110 5578 4351 3669 3134 2783 2440 2379 2072 1952 1652 1704 1414 1373 1401 1285 1084 1175 1029 952 1038 914 839 927 812 764 812 760 775 681 659 642 542 648 650 580 585 568 535 582 543 536 552 525 496 475 118091 126025
SLiM_05_sum.txt_boot_033.txt 24069 12028 8292 6225 4830 3956 3462 3158 2626 2317 2126 2067 1934 1692 1674 1489 1417 1327 1351 1143 1126 1129 1042 950 928 950 901 903 800 784 778 752 723 730 634 700 657 590 617 629 559 562 586 561 527 493 494 475 458 36927 16230 10085 7207 5585 4550 3694 3196 2711 2407 2208 1974 1869 1654 1641 1466 1363 1300 1272 1135 1042 1066 966 1032 890 809 912 858 800 787 721 699 652 615 632 659 592 631 619 600 587 567 526 560 492 536 541 516 457 118887 126414
SLiM_05_sum.txt_boot_034.txt 23888 11946 8160 6117 4842 4126 3424 3094 2600 2362 2155 2096 1992 1738 1673 1497 1410 1261 1261 1098 1133 1172 1067 944 912 950 911 830 825 752 853 750 732 764 644 666 638 618 613 615 573 570 541 556 539 524 490 489 453 37062 15942 10114 7127 5702 4438 3672 3121 2810 2401 2302 2029 1995 1718 1641 1406 1330 1420 1237 1106 1122 1084 1005 1005 928 796 859 833 838 777 679 742 635 632 644 626 585 638 583 638 566 577 573 516 518 530 531 497 508 118236 126719
SLiM_05_sum.txt_boot_035.txt 23821 12120 8217 5976 4853 4043 3539 3139 2670 2383 2170 2097 1835 1715 1684 1561 1440 1293 1321 1161 1154 1154 1025 1037 947 1013 922 872 786 806 823 757 742 757 610 686 645 645 599 677 578 556 567 570 556 504 504 445 451 37093 15913 10182 7108 5498 4399 3734 3121 2773 2282 2331 2053 1890 1709 1655 1365 1370 1382 1311 1105 1070 1063 1018 1046 928 840 893 821 785 802 728 753 714 628 627 666 610 627 581 600 548 576 586 543 509 539 490 487 460 119321 125897
SLiM_05_sum.txt_boot_036.txt 23880 12160 8203 6098 4845 3986 3588 3068 2634 2356 2231 2072 1940 1748 1609 1546 1441 1307 1274 1174 1194 1164 1051 1059 922 945 915 848 847 821 787 780 668 723 585 678 645 622 625 662 546 566 571 511 581 510 512 470 491 37213 15848 9998 7151 5583 4483 3663 3122 2762 2352 2322 2073 1897 1862 1677 1384 1397 1400 1257 1073 1104 1093 1058 999 945 855 862 753 795 829 713 722 715 627 665 643 630 653 545 633 604 532 581 540 489 542 521 555 483 118490 125794
SLiM_05_sum.txt_boot_037.txt 23878 12085 8195 6230 4786 4069 3540 3145 2548 2289 2227 2132 1906 1720 1646 1471 1365 1293 1319 1215 1147 1127 1040 984 901 940 873 876 812 794 843 774 735 765 683 719 581 665 630 595 587 581 591 584 543 506 442 468 485 37155 16127 9991 7249 5639 4400 3771 3175 2900 2498 2238 2109 1996 1648 1697 1400 1307 1363 1228 1110 1078 1048 952 978 904 845 953 806 832 746 742 736 707 620 658 634 689 676 609 607 575 585 602 534 529 527 520 506 464 118446 126719
SLiM_05_sum.txt_boot_038.txt 23951 12073 8154 6243 4852 3901 3400 3044 2572 2320 2182 1987 1926 1642 1642 1508 1460 1303 1272 1136 1207 1065 1082 993 941 990 935 881 799 767 825 742 707 749 620 693 648 657 603 628 555 565 530 530 551 519 481 507 482 37042 15882 9985 7140 5555 4544 3797 3187 2683 2374 2205 2113 2004 1740 1789 1490 1393 1304 1255 1137 1202 1072 1016 981 881 770 900 806 783 771 717 751 698 582 648 653 632 667 610 642 516 578 579 541 504 569 541 507 480 119094 127327
SLiM_05_sum.txt_boot_039.txt 24002 11943 8205 6123 4916 3980 3614 3159 2561 2362 2257 2092 1975 1696 1594 1503 1470 1313 1365 1190 1206 1117 1068 974 906 957 884 874 845 752 770 756 747 729 698 709 636 622 595 663 588 554 571 569 543 494 482 470 495 37584 16009 10122 7044 5461 4461 3609 3070 2779 2439 2259 2092 1921 1748 1729 1393 1368 1273 1263 1072 1134 1083 1022 945 929 834 982 882 765 762 734 728 659 640 610 624 555 646 587 593 565 560 580 545 498 516 529 515 476 118839 126494
SLiM_05_sum.txt_boot_040.txt 23964 11874 8254 5934 4793 3975 3469 3145 2602 2369 2201 2026 1901 1705 1581 1421 1391 1266 1281 1107 1163 1214 1081 985 930 982 864 786 870 770 805 767 775 725 605 732 643 587 627 607 574 592 569 575 533 516 526 483 501 37376 15945 9863 7026 5426 4472 3711 3151 2794 2501 2215 2099 1900 1662 1760 1419 1311 1395 1208 1123 1057 1052 945 962 978 832 958 773 824 752 678 773 694 599 686 660 607 655 621 575 538 558 543 565 499 560 536 482 494 118797 125894
SLiM_05_sum.txt_boot_041.txt 23996 12216 8043 6251 4891 3978 3522 3224 2655 2358 2039 2008 1980 1670 1690 1458 1380 1323 1305 1131 1176 1107 1085 1021 910 947 906 861 803 800 771 732 732 733 702 656 700 625 622 610 602 578 564 567 549 587 462 506 461 37108 16141 10090 6948 5710 4383 3718 3168 2819 2491 2198 2104 1898 1648 1728 1436 1388 1443 1226 1094 1088 1033 983 943 924 767 957 784 773 789 704 713 740 609 610 589 643 674 585 571 593 578 542 549 499 487 529 482 498 118727 125891
SLiM_05_sum.txt_boot_042.txt 23880 12060 8170 6116 4833 3997 3481 3047 2617 2337 2258 2108 1992 1680 1549 1506 1439 1289 1217 1131 1160 1177 982 982 874 986 909 906 788 810 833 759 696 740 666 678 646 685 648 635 598 560 560 544 569 522 490 477 472 36965 16164 10194 7170 5696 4425 3727 3024 2708 2403 2326 2030 1885 1716 1683 1506 1326 1344 1269 1051 1089 1100 964 1000 950 904 921 789 812 757 707 725 697 595 619 605 644 666 584 601 572 524 581 551 509 533 526 506 461 118279 126421
SLiM_05_sum.txt_boot_043.txt 23923 12115 8190 6304 4934 4022 3469 3069 2719 2341 2256 2107 2025 1617 1568 1467 1356 1336 1299 1164 1135 1220 1108 958 931 976 913 863 885 787 820 759 737 806 631 669 660 656 635 622 615 578 516 576 539 492 517 480 488 37104 16075 9830 7061 5547 4420 3726 3138 2771 2348 2235 2124 1909 1652 1722 1371 1364 1395 1191 1100 1148 1088 1009 990 925 799 898 785 781 810 727 666 682 650 644 616 642 655 599 579 574 550 589 513 513 499 493 519 491 118299 126117
SLiM_05_sum.txt_boot_044.txt 23966 12090 8180 6222 4827 4004 3520 2977 2626 2402 2178 1986 1980 1626 1630 1516 1412 1272 1287 1155 1177 1172 1059 977 906 1023 952 904 815 797 818 754 713 718 646 766 650 654 608 669 562 584 533 556 603 518 485 489 501 37240 16180 10171 7064 5560 4306 3773 3165 2793 2433 2290 1980 1932 1659 1678 1418 1379 1377 1293 1115 1097 1089 987 965 926 811 897 834 812 756 722 769 685 634 612 685 608 602 604 601 595 531 569 555 490 549 501 510 450 118480 126431
SLiM_05_sum.txt_boot_045.txt 24110 12102 8129 6205 4906 3981 3514 3068 2596 2412 2138 2080 1895 1701 1663 1488 1463 1309 1245 1147 1161 1145 1078 1020 900 975 898 835 813 847 788 772 709 715 642 707 609 614 659 657 575 547 570 547 627 534 499 529 445 37065 15995 9938 7305 5611 4473 3773 3107 2711 2439 2283 2059 1973 1633 1692 1395 1326 1341 1213 1060 1137 1087 939 982 949 799 918 845 856 811 738 737 727 586 638 601 622 658 626 605 554 540 535 566 478 523 474 505 463 118663 125790
SLiM_05_sum.txt_boot_046.txt 23928 12148 7970 6085 4744 4083 3473 3001 2637 2364 2244 2047 1940 1659 1593 1506 1383 1300 1309 1155 1147 1145 1084 950 907 963 883 859 828 802 810 710 720 748 643 703 648 606 611 620 572 539 576 576 576 548 505 467 505 36825 16307 9957 7018 5486 4275 3823 3188 2707 2427 2261 2129 1973 1697 1758 1402 1334 1325 1220 1095 1111 1071 977 1021 913 849 966 819 782 795 741 719 706 608 646 600 570 678 596 640 525 552 548 538 523 576 489 492 474 118333 126825
SLiM_05_sum.txt_boot_047.txt 23976 11990 8295 6103 4917 3948 3472 3074 2618 2332 2177 2032 1953 1662 1649 1497 1412 1319 1380 1242 1158 1172 1112 1026 920 958 902 867 761 832 776 760 697 733 614 634 636 664 620 672 574 631 547 557 541 505 487 466 491 37378 16147 10150 7132 5535 4353 3768 3107 2717 2406 2225 2063 1930 1675 1760 1483 1320 1318 1243 1064 1123 1043 994 977 947 842 951 823 771 835 729 710 685 651 666 671 605 625 634 608 536 538 584 549 505 559 521 505 481 118190 126561
SLiM_05_sum.txt_boot_048.txt 24139 12071 8106 6209 4905 4060 3479 3114 2617 2367 2148 1972 1916 1687 1636 1513 1329 1304 1322 1155 1133 1124 1062 1044 922 941 941 819 774 839 816 728 720 769 593 675 677 615 648 589 582 564 566 568 564 505 498 448 506 37226 15978 9981 7168 5632 4523 3675 3186 2793 2393 2313 2036 1898 1723 1723 1393 1370 1368 1280 1054 1126 1051 1024 1015 916 820 945 762 817 788 701 713 730 616 656 629 604 681 629 571 536 548 566 568 499 502 536 468 491 118238 126360
SLiM_05_sum.txt_boot_049.txt 23980 12041 8146 6315 4864 4017 3505 3190 2646 2339 2212 2037 1906 1722 1644 1488 1394 1257 1292 1174 1225 1121 1109 971 852 960 925 782 867 751 843 798 794 768 688 669 676 605 574 661 607 554 569 538 524 512 451 504 478 37510 15940 9998 7094 5611 4428 3852 3097 2884 2481 2191 2048 1911 1721 1662 1459 1359 1390 1230 1157 1084 1055 955 1068 911 796 942 802 824 834 695 707 708 647 659 603 645 627 616 573 520 554 582 515 524 524 534 515 485 118744 126689
SLiM_05_sum.txt_boot_050.txt 23755 12018 8281 6346 4922 4027 3545 3100 2539 2364 2165 2091 1876 1692 1650 1516 1446 1305 1345 1155 1102 1141 1090 1016 935 972 900 820 832 835 827 765 726 786 670 694 619 651 634 619 561 616 555 543 535 530 472 488 489 37161 16091 9932 7123 5682 4257 3611 3176 2796 2436 2222 2093 1920 1624 1752 1441 1440 1358 1237 1097 1215 1102 992 952 885 850 907 809 810 812 696 748 676 581 675 632 616 694 648 633 528 573 590 546 506 553 527 500 471 118783 126730
SLiM_05_sum.txt_boot_051.txt 23747 11906 8163 6206 4966 3975 3548 3031 2691 2302 2190 2090 1917 1686 1589 1480 1435 1275 1261 1157 1128 1190 1084 1033 916 982 873 898 788 804 839 758 730 715 646 727 650 656 582 637 596 614 557 547 555 550 507 474 468 36962 15987 10227 7128 5585 4430 3697 3163 2801 2524 2261 2145 1911 1667 1689 1388 1335 1355 1259 1065 1135 1055 955 965 898 858 859 781 830 799 787 711 671 620 663 659 636 620 581 617 548 563 602 551 525 569 514 517 490 118308 126272
SLiM_05_sum.txt_boot_052.txt 23918 12021 8311 6145 4862 4106 3514 3160 2605 2371 2228 2102 1896 1624 1680 1543 1425 1350 1306 1156 1211 1172 1055 1005 909 992 886 891 787 787 755 723 710 761 622 658 646 586 653 628 583 538 613 548 535 511 462 520 468 36966 16072 9980 7052 5544 4364 3734 3088 2799 2390 2272 2054 1939 1649 1653 1429 1331 1363 1260 1091 1151 1140 1035 989 919 833 975 850 756 823 718 761 650 620 630 626 593 663 612 640 559 534 599 569 520 562 504 527 461 118617 125764
SLiM_05_sum.txt_boot_053.txt 24026 11990 8186 6083 5015 3999 3522 3171 2649 2344 2251 2179 1907 1576 1651 1526 1438 1307 1333 1168 1199 1194 1039 980 956 939 878 874 812 772 805 839 701 742 628 664 659 620 618 610 616 594 579 576 569 544 468 482 485 37594 16019 10019 7076 5587 4395 3739 3117 2775 2473 2257 2006 1911 1775 1706 1376 1332 1454 1253 1147 1132 1068 939 1002 939 818 858 790 751 780 730 707 703 632 654 653 633 658 586 601 565 517 568 503 433 537 484 474 491 118394 125920
SLiM_05_sum.txt_boot_054.txt 24126 12074 8313 6251 4944 4082 3631 3072 2554 2385 2202 2102 1870 1656 1562 1518 1388 1319 1294 1198 1157 1163 1055 1018 939 955 888 870 859 788 783 754 705 772 659 694 683 625 655 649 564 597 569 524 549 520 498 476 445 37222 16098 9816 7095 5716 4390 3666 3134 2744 2414 2306 2061 1927 1625 1742 1462 1329 1379 1271 1085 1166 1093 954 1022 913 843 981 798 812 777 695 712 732 609 678 627 611 606 606 606 561 590 600 583 513 559 512 512 491 118551 126522
SLiM_05_sum.txt_boot_055.txt 23988 12002 8217 6330 4864 4067 3593 3057 2672 2429 2200 2101 1997 1678 1641 1453 1439 1342 1288 1164 1159 1154 1063 1011 934 922 942 893 838 806 786 720 668 742 620 662 675 639 593 673 589 628 582 527 564 487 492 479 468 37473 15975 9965 7125 5652 4463 3674 3234 2762 2367 2219 2073 1912 1679 1633 1455 1336 1440 1235 1120 1130 1057 1003 965 855 810 923 824 785 828 728 742 707 634 640 634 598 661 597 597 574 583 609 548 533 559 502 524 481 118603 126812
SLiM_05_sum.txt_boot_056.txt 23651 11979 8202 6119 4739 4005 3581 3120 2663 2312 2219 2024 1947 1702 1706 1461 1358 1308 1241 1206 1095 1202 1049 1035 915 972 880 849 812 774 765 742 706 762 667 703 637 654 596 609 566 571 561 569 547 578 488 501 449 37212 16303 10303 7109 5569 4398 3633 3190 2738 2451 2310 2005 1978 1656 1696 1496 1315 1349 1279 1110 1051 1079 984 990 972 823 884 784 838 773 772 725 709 620 611 660 648 715 650 586 586 542 584 546 491 531 557 502 487 118805 126479
SLiM_05_sum.txt_boot_057.txt 23769 12049 8175 6254 4845 3975 3546 3166 2674 2284 2140 2112 1958 1588 1661 1478 1484 1270 1331 1119 1152 1117 1104 979 931 964 922 877 843 761 861 798 739 707 647 697 660 660 598 673 584 557 533 538 602 560 493 463 452 36766 15932 10120 7045 5519 4641 3758 3120 2862 2472 2226 2108 1844 1772 1677 1402 1380 1342 1270 1183 1164 1056 969 991 901 855 942 804 842 796 682 711 665 681 651 611 593 678 632 606 554 510 592 566 528 496 521 472 452 118608 126663
SLiM_05_sum.txt_boot_058.txt 23822 11836 8317 6096 4820 3990 3571 3128 2605 2401 2122 1957 1930 1735 1601 1524 1386 1334 1333 1087 1208 1104 1073 1041 910 979 869 905 826 800 801 779 723 739 653 747 616 635 638 643 619 606 558 613 588 563 510 453 504 37158 16055 9936 7126 5462 4342 3772 3109 2735 2416 2283 1993 1930 1649 1690 1428 1300 1320 1242 1108 1206 1043 1012 992 963 829 931 781 820 752 744 733 752 618 649 621 597 618 622 610 556 542 535 555 484 575 520 511 432 119132 125737
SLiM_05_sum.txt_boot_059.txt 24045 12010 8195 6277 4870 4018 3556 3068 2633 2377 2215 2048 1919 1709 1662 1454 1393 1314 1333 1128 1096 1163 1055 990 951 946 908 842 874 739 775 746 739 735 667 640 663 696 636 613 598 548 577 538 532 528 497 465 442 37010 16051 10088 7134 5520 4447 3659 3128 2767 2471 2252 2059 1894 1658 1660 1386 1333 1384 1240 1025 1155 1125 997 947 937 814 933 804 770 794 690 720 727 587 670 643 602 626 588 596 584 531 594 550 470 526 506 501 447 119494 125980
SLiM_05_sum.txt_boot_060.txt 23761 12222 8208 6237 4855 4050 3445 3092 2656 2327 2189 2044 1889 1729 1580 1500 1465 1327 1337 1185 1200 1163 1026 987 866 966 918 819 835 815 797 721 792 738 611 695 685 628 582 616 562 591 540 582 552 519 469 478 445 37090 16147 9905 7217 5469 4391 3706 3241 2697 2421 2290 2012 1929 1723 1658 1403 1316 1358 1245 1123 1061 1062 1005 987 970 867 905 779 825 744 729 689 686 622 636 554 595 645 590 570 572 560 570 540 532 566 529 505 517 118450 126501
SLiM_05_sum.txt_boot_061.txt 24000 12095 8219 6137 5044 4046 3464 3201 2661 2346 2161 2016 1950 1674 1710 1460 1443 1223 1263 1116 1141 1127 1090 988 880 975 871 853 841 779 771 754 710 724 600 718 660 694 655 612 589 569 553 529 516 516 492 515 460 37229 16172 10053 7189 5556 4534 3740 3229 2864 2405 2315 2052 1925 1740 1680 1457 1336 1392 1150 1096 1110 1067 994 1015 933 879 1001 834 811 772 797 728 686 619 605 619 616 610 627 617 569 563 610 514 508 535 530 508 433 118824 126095
SLiM_05_sum.txt_boot_062.txt 24039 11937 7981 6128 4954 3991 3655 3037 2592 2380 2217 2054 1926 1684 1615 1451 1443 1337 1338 1127 1165 1156 1045 1035 961 937 858 860 772 780 786 766 705 731 658 709 656 617 573 616 610 553 566 538 557 530 510 483 469 36932 16185 9988 7121 5588 4413 3667 3096 2847 2532 2260 1993 1950 1671 1727 1509 1354 1443 1241 1083 1129 1127 917 1009 892 869 950 819 798 801 748 736 756 618 652 673 596 641 577 605 582 556 536 548 506 533 567 479 466 119358 125993
SLiM_05_sum.txt_boot_063.txt 24252 12423 8179 6073 4845 4119 3627 3188 2728 2369 2255 1995 1913 1730 1584 1487 1440 1306 1300 1222 1120 1237 1080 997 958 965 937 880 828 782 858 708 731 731 627 687 630 638 622 677 555 577 534 558 544 547 501 474 477 36987 16326 10009 7081 5660 4477 3582 3098 2839 2414 2249 2053 1952 1674 1726 1421 1395 1360 1221 1153 1119 1049 999 1033 963 830 968 822 792 777 698 699 711 646 673 611 603 677 633 590 565 511 601 545 551 578 508 515 464 118599 126305
SLiM_05_sum.txt_boot_064.txt 23942 12170 8251 6256 4940 3973 3529 3117 2699 2374 2233 2124 1892 1642 1569 1545 1549 1232 1277 1053 1229 1164 1044 952 912 975 853 860 839 782 808 724 715 727 694 707 729 655 615 625 584 613 532 564 564 525 534 498 470 37274 15960 9955 7033 5639 4460 3667 3217 2764 2441 2240 2013 1960 1659 1711 1426 1352 1409 1256 1082 1112 1073 919 1067 875 893 910 833 799 808 693 783 648 635 627 667 603 662 572 601 524 598 579 518 482 521 505 505 485 118962 126202
SLiM_05_sum.txt_boot_065.txt 23825 12135 8250 6158 4845 3943 3469 3167 2630 2327 2215 2028 1950 1715 1617 1510 1377 1335 1335 1105 1157 1180 1125 1033 915 940 829 846 822 789 773 767 782 763 640 694 650 652 594 628 566 555 529 531 523 533 508 479 501 37653 16080 10021 6958 5547 4391 3606 3137 2794 2481 2277 2013 1930 1645 1750 1431 1333 1353 1271 1117 1107 1126 962 947 906 806 951 797 837 749 722 729 719 616 652 639 626 641 623 574 598 550 547 516 501 539 557 499 491 118981 126403
SLiM_05_sum.txt_boot_066.txt 23717 12254 8201 6209 4864 4010 3649 3153 2571 2414 2233 2087 1898 1691 1591 1528 1413 1330 1256 1124 1109 1220 1041 1023 881 957 889 868 817 757 788 727 751 770 613 672 625 621 662 615 587 555 550 533 513 534 483 434 480 37051 16072 9898 7121 5636 4519 3670 3248 2885 2452 2217 2028 2014 1598 1742 1371 1367 1322 1257 1049 1128 1070 1004 1029 920 839 909 768 787 782 719 742 685 645 641 605 607 665 657 581 551 575 565 501 505 557 539 484 429 118839 126300
SLiM_05_sum.txt_boot_067.txt 23815 12074 8251 6148 4851 4091 3604 3070 2709 2350 2215 2078 1979 1617 1669 1446 1411 1263 1314 1192 1156 1163 1117 991 897 1013 923 878 834 824 792 790 722 756 645 660 608 590 602 647 584 578 576 546 622 547 464 487 481 37297 16321 10226 7036 5599 4491 3752 3162 2751 2385 2192 1997 1928 1668 1729 1404 1341 1330 1259 1139 1110 1060 987 1030 924 791 888 811 740 733 676 758 725 600 635 612 575 632 599 606 556 552 527 554 530 555 496 529 467 118334 125702
SLiM_05_sum.txt_boot_068.txt 23940 11927 8173 6203 4889 3937 3533 3058 2553 2408 2225 2020 1984 1685 1615 1515 1344 1213 1233 1178 1164 1159 1086 946 904 936 913 910 858 774 840 759 664 778 643 697 627 648 635 703 581 565 550 523 556 517 502 479 492 37108 16109 10144 7092 5496 4508 3659 3117 2797 2501 2229 1997 1899 1669 1700 1378 1343 1402 1247 1094 1113 1073 1054 1010 906 810 912 830 823 827 752 738 690 617 669 610 567 687 625 559 578 580 594 529 497 519 481 513 481 118289 126526
SLiM_05_sum.txt_boot_069.txt 23932 11851 8156 6213 4978 4086 3559 3187 2674 2429 2230 2064 2017 1672 1664 1504 1391 1257 1306 1145 1176 1123 1038 1019 902 971 859 880 815 805 790 762 692 735 615 713 674 599 617 640 583 609 550 579 554 578 537 473 482 37280 16033 9971 7122 5592 4437 3689 3167 2676 2319 2302 1987 1870 1654 1678 1500 1327 1334 1221 1093 1156 1057 1015 972 925 831 948 793 744 819 704 724 688 572 662 672 554 688 624 580 576 548 637 549 461 508 503 523 485 117771 126852
SLiM_05_sum.txt_boot_070.txt 23991 12083 8127 6180 4910 3975 3574 3056 2608 2353 2195 2095 2070 1733 1651 1499 1378 1323 1288 1171 1151 1146 1043 989 931 988 869 847 823 770 857 758 706 691 666 680 647 664 594 662 608 608 569 541 551 511 466 471 491 37087 15928 10057 7119 5592 4462 3659 3234 2756 2370 2314 2095 1881 1640 1633 1449 1365 1309 1266 1123 1148 1026 964 987 909 839 838 818 799 805 748 727 673 621 626 650 624 713 631 604 577 540 577 545 523 516 523 526 525 117621 125875
SLiM_05_sum.txt_boot_071.txt 23896 11971 8072 6251 4717 4030 3545 3123 2550 2361 2212 2021 1936 1745 1679 1502 1399 1307 1321 1123 1123 1142 1054 987 923 1025 904 776 775 763 783 760 695 752 658 658 634 700 613 631 589 578 585 562 566 568 450 477 482 37351 16138 10219 7147 5558 4308 3783 3152 2704 2429 2317 2032 1915 1678 1742 1414 1353 1429 1254 1121 1095 1111 997 993 910 808 993 857 834 778 742 718 684 621 681 591 619 663 632 627 537 540 564 562 524 501 516 535 507 118289 125915
SLiM_05_sum.txt_boot_072.txt 23958 11988 8235 6056 4770 3990 3604 3105 2602 2348 2199 2070 1894 1787 1654 1484 1379 1281 1307 1197 1082 1170 1132 973 921 1005 836 950 800 793 784 761 767 753 583 664 676 687 606 630 617 599 503 536 541 554 515 505 458 36728 16122 9767 7121 5554 4603 3686 3123 2846 2397 2272 2048 1927 1719 1653 1412 1362 1383 1157 1111 1077 1151 989 1000 946 765 910 807 776 741 719 781 681 653 636 631 597 645 608 590 554 574 593 491 508 545 518 479 504 118249 126345
SLiM_05_sum.txt_boot_073.txt 24025 12115 8246 6131 4850 4006 3448 3141 2613 2312 2239 2043 1905 1703 1626 1542 1399 1270 1368 1124 1178 1093 1009 951 875 903 951 841 828 781 766 785 720 782 662 676 740 649 610 607 586 592 567 592 539 526 505 483 470 36957 16190 10110 7068 5606 4428 3721 3141 2816 2386 2322 2083 1939 1605 1667 1432 1298 1349 1249 1077 1123 1099 904 1033 972 871 896 833 791 758 694 733 737 618 634 641 619 637 616 614 549 572 586 528 526 529 527 558 465 118691 126786
SLiM_05_sum.txt_boot_074.txt 24019 12151 8088 6175 5005 4118 3510 3135 2621 2402 2211 2095 1942 1671 1656 1457 1414 1362 1285 1116 1116 1139 1026 1016 958 932 900 811 843 787 821 776 720 747 628 663 686 671 660 636 546 596 558 552 555 484 499 486 484 37228 16130 9949 7009 5515 4483 3872 3163 2854 2430 2286 2123 1935 1660 1683 1389 1389 1378 1268 1095 1154 1077 966 1008 942 851 894 781 883 775 659 691 675 608 628 614 605 653 583 595 509 537 575 565 493 519 527 540 490 118697 126572
SLiM_05_sum.txt_boot_075.txt 24087 11863 8029 6133 4756 4008 3470 3088 2670 2318 2299 2138 1885 1645 1607 1527 1407 1309 1349 1171 1187 1138 1087 992 976 976 908 859 775 763 763 806 756 727 658 657 648 662 652 630 606 559 540 602 559 515 472 432 437 37410 16032 10036 7184 5685 4486 3714 3153 2795 2512 2224 2015 1973 1684 1637 1470 1365 1350 1208 1102 1086 984 1013 963 935 826 923 795 800 766 702 720 667 585 628 595 661 653 618 576 579 559 546 537 467 539 525 510 472 118685 125815
SLiM_05_sum.txt_boot_076.txt 24041 12109 8161 6105 4834 3978 3569 3078 2600 2323 2203 2036 1972 1685 1664 1518 1417 1350 1230 1150 1152 1130 1026 1012 972 947 913 907 848 810 778 770 735 725 645 701 657 612 628 651 603 558 570 617 555 573 461 466 481 37377 16133 10001 7099 5587 4418 3623 3130 2812 2480 2211 2111 1988 1700 1660 1514 1429 1383 1218 1159 1149 1028 990 967 932 795 907 767 758 813 707 789 718 630 662 613 686 619 610 557 550 567 539 523 487 527 525 545 502 117881 126189
SLiM_05_sum.txt_boot_077.txt 23966 11933 8139 6276 4872 4104 3452 3061 2640 2376 2174 2045 2019 1683 1701 1448 1435 1275 1357 1142 1160 1108 1066 939 901 905 848 878 801 822 806 758 713 731 660 691 606 677 629 621 576 564 567 533 545 568 498 517 438 37094 16343 9945 7051 5691 4441 3752 3156 2709 2352 2259 2132 1950 1657 1606 1409 1366 1338 1283 1053 1098 1106 975 1012 917 836 924 849 844 778 684 725 692 587 611 626 599 618 581 612 573 563 586 569 531 515 518 494 430 118769 126549
SLiM_05_sum.txt_boot_078.txt 24102 11984 8128 6163 4824 3993 3545 3139 2695 2285 2235 1929 1944 1720 1623 1536 1363 1224 1351 1121 1158 1182 974 999 929 981 849 823 831 806 776 719 701 721 606 710 691 643 657 615 589 573 572 569 591 548 497 514 437 36945 15915 10039 7209 5590 4443 3651 3153 2748 2359 2168 2008 1964 1626 1715 1458 1380 1386 1287 1089 1094 1057 995 1020 885 850 930 824 885 774 716 717 685 616 638 651 621 646 586 612 574 570 584 540 479 540 539 483 454 118481 126225
SLiM_05_sum.txt_boot_079.txt 23711 11846 8147 6180 4854 4015 3437 3093 2578 2374 2182 2025 1940 1663 1626 1569 1449 1319 1351 1096 1144 1172 1076 1011 918 976 907 848 776 768 780 730 694 740 616 707 570 599 614 622 574 607 592 575 583 527 450 507 480 37060 16214 9989 7160 5640 4373 3723 3206 2801 2422 2302 2088 1895 1699 1718 1423 1356 1377 1243 1057 1067 1039 955 976 882 868 891 789 839 788 740 745 708 584 650 609 633 645 593 631 556 533 544 527 487 540 515 508 467 118703 125693
SLiM_05_sum.txt_boot_080.txt 23940 11973 8082 6142 4858 4086 3533 3073 2656 2388 2201 2062 1936 1661 1673 1536 1441 1306 1258 1152 1152 1067 1084 1033 911 956 833 877 818 779 783 746 735 771 613 690 604 622 598 624 607 551 566 557 526 513 469 485 450 37292 16034 10039 7153 5587 4410 3708 3221 2749 2437 2255 2045 1945 1698 1735 1485 1320 1306 1250 1051 1136 993 1040 929 953 836 918 817 820 776 719 705 706 595 642 623 617 644 571 641 560 595 586 539 490 550 478 512 445 118441 126085
SLiM_05_sum.txt_boot_081.txt 23905 12013 8154 6137 4827 4049 3583 3097 2672 2399 2204 2077 1933 1675 1623 1468 1434 1274 1318 1157 1158 1133 995 991 933 911 875 872 806 763 825 714 704 725 629 670 646 644 657 656 596 578 548 567 524 544 498 435 501 37004 15894 10104 7085 5460 4389 3734 3170 2817 2356 2333 2066 1904 1667 1747 1471 1375 1459 1267 1153 1116 1063 1028 995 949 871 895 796 819 757 753 776 708 647 597 610 640 646 600 582 557 600 577 496 524 515 520 489 469 119133 125772
SLiM_05_sum.txt_boot_082.txt 23681 11982 8117 6289 5010 3898 3516 3109 2627 2291 2204 2012 2007 1800 1647 1482 1383 1298 1257 1136 1147 1076 1070 976 924 984 913 879 834 832 801 707 671 729 663 655 650 643 658 636 576 596 568 550 517 536 465 444 465 37271 16201 10166 7325 5735 4425 3621 3120 2749 2424 2191 2047 1935 1734 1793 1489 1345 1323 1244 1085 1148 1044 972 982 928 848 937 839 815 739 692 702 688 639 653 640 599 686 627 567 597 588 581 561 456 578 500 539 447 118708 126396
SLiM_05_sum.txt_boot_083.txt 23855 12039 8158 6215 4945 4150 3665 2992 2599 2433 2128 1997 1929 1632 1700 1486 1357 1283 1355 1214 1110 1121 1000 1001 907 1002 935 880 862 801 767 776 679 759 669 679 649 678 584 595 556 586 564 543 512 553 449 486 475 37196 15999 9999 7007 5507 4444 3622 3129 2748 2439 2345 2034 1884 1640 1697 1460 1344 1338 1198 1046 1178 1112 1016 1028 901 792 907 801 824 745 721 687 689 621 646 635 660 660 610 609 558 530 540 573 487 551 557 515 435 118318 127149
SLiM_05_sum.txt_boot_084.txt 23933 11765 8232 6207 4902 3968 3576 3056 2530 2410 2187 2057 1899 1717 1645 1511 1441 1361 1258 1264 1137 1147 1071 1031 973 930 905 856 838 825 837 759 700 731 661 687 662 647 637 655 579 593 522 550 567 540 472 482 459 36964 16014 10184 7224 5683 4384 3758 3219 2691 2414 2356 2048 1879 1679 1691 1369 1336 1409 1227 1103 1060 1016 1015 957 926 809 895 759 793 791 728 749 650 613 624 628 624 659 624 611 577 536 591 559 493 539 557 477 496 118915 126757
SLiM_05_sum.txt_boot_085.txt 23978 12023 8248 6022 4894 4010 3555 3200 2712 2234 2167 2078 1934 1627 1675 1478 1385 1263 1367 1175 1176 1113 1084 949 930 1025 901 805 816 808 792 751 679 696 639 671 670 687 605 604 564 560 557 545 558 544 450 511 453 37192 16261 9864 7036 5639 4410 3732 3260 2808 2451 2233 2058 1899 1665 1716 1476 1398 1386 1221 1116 1155 1072 969 1004 928 854 965 804 834 798 720 751 675 633 599 639 609 647 599 545 543 551 562 547 515 521 555 520 496 118342 125792
SLiM_05_sum.txt_boot_086.txt 24287 11953 8270 6264 4897 3887 3531 3111 2607 2318 2190 2005 1953 1711 1619 1505 1455 1285 1350 1169 1194 1142 1083 963 918 984 906 820 840 787 819 783 761 701 660 656 657 661 661 620 573 576 563 560 578 491 478 499 489 37395 16104 9996 6985 5532 4390 3700 3138 2727 2480 2250 2073 1861 1658 1678 1416 1331 1358 1194 1113 1135 1052 1014 958 992 882 979 799 855 772 655 722 676 631 630 598 610 676 582 615 557 545 567 520 510 494 494 495 483 118330 126099
SLiM_05_sum.txt_boot_087.txt 24050 11950 8169 6142 4946 4086 3545 3036 2596 2322 2167 1993 1878 1733 1597 1472 1398 1322 1355 1164 1176 1120 1016 940 915 984 860 864 817 794 817 722 737 713 605 690 599 619 575 602 525 598 602 554 556 518 500 476 506 37173 16134 10108 7333 5573 4433 3676 3126 2748 2377 2237 2054 1909 1622 1682 1475 1367 1364 1182 1079 1103 1033 1039 972 922 858 893 795 822 784 702 707 700 611 639 634 582 642 619 586 520 549 536 549 486 529 553 504 523 118358 126611
SLiM_05_sum.txt_boot_088.txt 24032 12153 8289 6200 4827 4071 3489 3013 2619 2336 2132 2066 1951 1666 1691 1506 1390 1262 1288 1126 1164 1066 1052 1009 985 934 886 877 801 813 799 774 678 717 631 676 645 635 606 623 556 604 594 598 531 551 474 509 472 37150 15837 9957 7089 5528 4533 3668 3131 2813 2406 2333 2035 1906 1634 1641 1394 1337 1347 1183 1085 1126 1109 925 991 968 823 951 779 816 773 667 737 675 619 655 624 561 647 656 585 559 567 577 542 491 506 524 516 470 118974 126104
SLiM_05_sum.txt_boot_089.txt 23871 12005 8175 6134 4868 4148 3572 3011 2548 2373 2211 2077 1933 1712 1657 1529 1438 1336 1299 1163 1163 1193 1011 1042 985 966 873 816 856 779 782 770 731 720 653 693 643 658 649 673 619 578 557 582 553 557 507 497 486 37465 16150 9885 7192 5587 4586 3730 3126 2852 2430 2193 2071 2007 1669 1650 1397 1328 1342 1256 1062 1126 1119 944 926 947 833 946 796 846 792 746 747 729 617 670 613 593 631 636 594 559 574 564 528 490 522 499 541 472 118229 126895
SLiM_05_sum.txt_boot_090.txt 23677 12076 8188 6113 4842 4045 3562 3117 2621 2422 2109 2045 1931 1668 1657 1532 1430 1319 1272 1232 1173 1155 1055 962 933 951 892 851 835 748 825 735 695 733 597 648 656 621 662 643 586 561 563 551 552 551 524 479 460 37332 16228 9849 7018 5580 4346 3639 3049 2892 2408 2168 2064 1988 1756 1593 1465 1347 1387 1190 1096 1139 1089 1003 957 923 793 860 764 834 771 704 729 723 618 626 658 632 596 596 595 560 537 559 545 522 556 522 526 455 118757 126607
SLiM_05_sum.txt_boot_091.txt 23843 11917 8159 6170 4919 4100 3554 3188 2596 2388 2175 1968 1973 1731 1732 1541 1460 1348 1273 1133 1186 1106 1062 1002 920 970 880 867 783 750 782 767 719 732 676 704 646 614 645 645 589 544 551 536 544 514 506 446 478 36889 15992 9856 7097 5583 4480 3616 3108 2810 2411 2307 2131 1936 1654 1699 1412 1284 1402 1223 1111 1100 1087 1067 945 967 857 926 850 766 760 724 751 649 638 620 632 565 652 582 602 531 551 580 556 480 545 545 502 458 118079 126309
SLiM_05_sum.txt_boot_092.txt 23863 11998 8145 6190 4898 4004 3619 3127 2609 2419 2238 2050 1847 1697 1590 1491 1378 1286 1318 1191 1225 1159 1043 932 935 950 890 818 828 770 813 753 748 784 678 677 643 638 638 617 583 594 575 550 580 505 536 523 467 37264 16216 10099 7169 5564 4470 3668 3107 2766 2429 2250 2009 1921 1567 1662 1406 1376 1343 1209 1112 1107 1038 959 968 911 879 912 822 830 780 723 760 711 608 666 644 594 675 600 592 539 580 553 577 506 537 498 560 471 119052 126242
SLiM_05_sum.txt_boot_093.txt 23812 12028 8108 6300 4825 4010 3511 3144 2679 2379 2236 2120 1906 1710 1653 1463 1473 1327 1219 1171 1184 1117 1025 1002 915 978 948 835 880 802 783 733 759 732 655 684 704 661 641 649 577 604 545 542 549 530 496 498 515 37357 16122 9867 7072 5635 4266 3697 3252 2826 2462 2316 2018 1890 1647 1661 1406 1242 1366 1237 1104 1122 1027 956 1014 960 848 895 790 813 761 721 774 738 637 670 640 600 675 623 636 531 562 570 574 499 564 541 511 462 118823 126088
SLiM_05_sum.txt_boot_094.txt 23983 11977 8213 6177 4963 4038 3528 3085 2530 2332 2228 1950 1947 1614 1624 1485 1404 1238 1294 1156 1148 1216 1088 1002 928 1012 915 828 819 784 814 807 727 763 662 662 690 625 636 651 617 566 549 529 591 531 490 472 487 37118 16235 10021 7162 5730 4539 3687 3203 2802 2452 2195 2030 1954 1757 1654 1442 1342 1394 1240 1135 1128 1111 981 926 944 856 964 781 790 798 792 725 695 566 694 623 626 626 610 640 552 575 577 477 512 573 520 486 499 118956 126600
SLiM_05_sum.txt_boot_095.txt 24100 12172 8106 6263 4823 4058 3504 3013 2699 2373 2142 1991 1890 1681 1595 1511 1378 1398 1287 1202 1163 1164 1046 977 930 1005 884 871 885 778 812 770 712 727 611 683 636 684 585 605 561 551 583 593 581 486 503 475 450 36988 16081 9978 7042 5720 4474 3648 3261 2821 2448 2306 2114 1914 1669 1658 1491 1415 1506 1240 1121 1117 1027 929 982 987 829 921 818 838 766 670 696 704 641 589 643 614 652 568 561 572 556 547 533 499 544 511 512 480 117592 126195
SLiM_05_sum.txt_boot_096.txt 24313 11915 8199 6203 4829 4020 3480 3172 2563 2372 2184 2041 1992 1669 1593 1447 1449 1334 1284 1120 1152 1136 1022 1018 879 964 931 923 794 824 754 799 732 748 647 703 643 586 631 635 563 594 532 550 590 563 524 482 502 37158 16197 9918 7162 5695 4497 3741 3181 2786 2400 2332 2089 1967 1623 1682 1404 1390 1338 1254 1082 1088 1085 1028 987 899 807 856 799 798 741 713 753 710 575 668 621 581 601 627 614 552 578 565 555 524 521 538 520 453 118132 126785
SLiM_05_sum.txt_boot_097.txt 24233 12040 8079 6096 4902 4074 3551 3086 2697 2390 2184 2120 1964 1640 1633 1437 1355 1257 1310 1213 1186 1154 1043 959 953 969 870 835 878 799 782 749 740 756 640 695 630 654 641 639 558 587 543 569 564 552 460 470 481 37063 16176 10007 7178 5667 4470 3599 3016 2745 2459 2242 2016 1923 1638 1706 1541 1296 1320 1255 1097 1112 1102 944 1012 971 774 942 767 844 771 700 716 698 621 637 625 615 646 588 567 594 547 581 512 505 541 529 492 461 117993 126891
SLiM_05_sum.txt_boot_098.txt 23978 12074 8062 6143 4835 4012 3591 3022 2627 2396 2203 1993 2017 1686 1685 1452 1493 1258 1359 1138 1156 1133 1069 1049 908 986 875 802 841 740 821 784 752 743 608 686 667 645 583 629 592 551 540 561 574 507 480 438 452 36763 16152 9808 7107 5489 4461 3665 3175 2773 2407 2282 2101 2006 1682 1652 1416 1397 1389 1236 1097 1116 1122 964 989 897 781 937 809 780 765 742 746 682 588 658 570 609 652 634 599 555 567 511 587 494 569 502 488 446 118656 126060
SLiM_05_sum.txt_boot_099.txt 23779 11951 8135 6065 4907 3943 3564 3087 2610 2409 2314 2041 1872 1669 1657 1503 1362 1263 1347 1140 1220 1179 1073 985 989 952 890 837 817 791 779 748 680 740 699 654 644 669 631 639 580 549 501 537 548 557 504 511 463 37206 16011 9978 7242 5586 4455 3708 3160 2734 2478 2297 2072 1853 1680 1664 1518 1356 1406 1228 1120 1113 1024 968 975 933 853 901 808 773 757 712 793 638 571 597 616 640 639 537 603 557 555 581 525 516 559 525 487 473 117893 126192
SLiM_05_sum.txt_boot_100.txt 23928 11932 8137 6256 4857 4006 3522 3052 2656 2329 2191 1943 1902 1736 1611 1478 1348 1270 1319 1119 1102 1155 1038 1016 948 993 869 885 840 782 775 770 766 761 644 679 678 686 563 632 603 623 580 605 566 508 455 508 524 37434 16049 9806 7279 5702 4421 3645 3165 2772 2505 2290 2036 1861 1641 1687 1502 1426 1378 1232 1071 1114 1022 1002 977 890 846 930 796 811 772 718 753 694 635 638 631 597 669 628 608 593 500 575 525 534 575 536 513 493 118623 126913
