scenario Pi.Syn1 Pi.Syn2 Pi.Syn3 Pi.Syn4 Pi.Syn5 Pi.Syn6 Pi.Syn7 Pi.Syn8 Pi.Syn9 Pi.Syn10 Pi.Syn11 Pi.Syn12 Pi.Syn13 Pi.Syn14 Pi.Syn15 Pi.Syn16 Pi.Syn17 Pi.Syn18 Pi.Syn19 Pi.Syn20 Pi.Syn21 Pi.Syn22 Pi.Syn23 Pi.Syn24 Pi.Syn25 Pi.Syn26 Pi.Syn27 Pi.Syn28 Pi.Syn29 Pi.Syn30 Pi.Syn31 Pi.Syn32 Pi.Syn33 Pi.Syn34 Pi.Syn35 Pi.Syn36 Pi.Syn37 Pi.Syn38 Pi.Syn39 Pi.Syn40 Pi.Syn41 Pi.Syn42 Pi.Syn43 Pi.Syn44 Pi.Syn45 Pi.Syn46 Pi.Syn47 Pi.Syn48 Pi.Syn49 Pi.NSyn1 Pi.NSyn2 Pi.NSyn3 Pi.NSyn4 Pi.NSyn5 Pi.NSyn6 Pi.NSyn7 Pi.NSyn8 Pi.NSyn9 Pi.NSyn10 Pi.NSyn11 Pi.NSyn12 Pi.NSyn13 Pi.NSyn14 Pi.NSyn15 Pi.NSyn16 Pi.NSyn17 Pi.NSyn18 Pi.NSyn19 Pi.NSyn20 Pi.NSyn21 Pi.NSyn22 Pi.NSyn23 Pi.NSyn24 Pi.NSyn25 Pi.NSyn26 Pi.NSyn27 Pi.NSyn28 Pi.NSyn29 Pi.NSyn30 Pi.NSyn31 Pi.NSyn32 Pi.NSyn33 Pi.NSyn34 Pi.NSyn35 Pi.NSyn36 Pi.NSyn37 Pi.NSyn38 Pi.NSyn39 Pi.NSyn40 Pi.NSyn41 Pi.NSyn42 Pi.NSyn43 Pi.NSyn44 Pi.NSyn45 Pi.NSyn46 Pi.NSyn47 Pi.NSyn48 Pi.NSyn49 Div.Syn Div.Nsyn
SLiM_02_sum.txt 25910 12929 8409 6409 5259 4233 3667 3191 2856 2511 2234 2178 1969 1821 1655 1587 1484 1462 1351 1258 1249 1140 1091 1005 1011 998 911 887 875 883 833 802 802 729 690 714 662 660 689 623 586 670 575 561 529 597 532 532 566 51534 25853 17082 12988 10400 8553 7035 6411 5747 5105 4761 4197 3892 3617 3358 3260 3120 2955 2736 2635 2399 2388 2182 2199 2175 2052 1991 1967 1840 1859 1751 1717 1686 1644 1653 1576 1550 1597 1556 1510 1446 1420 1400 1410 1470 1538 1554 1549 1555 117706 396630
SLiM_02_sum.txt_boot_001.txt 25686 12755 8220 6333 5212 4405 3613 3173 2845 2423 2146 2173 1973 1832 1624 1586 1516 1538 1357 1281 1319 1160 1099 994 1011 939 856 893 890 891 855 848 738 771 706 730 702 648 683 607 606 685 560 544 524 595 562 510 556 51211 25810 16920 12981 10241 8456 7169 6575 5737 5156 4705 4264 3911 3701 3396 3204 3150 2874 2858 2554 2323 2352 2242 2177 2121 2076 2041 1959 1878 1898 1790 1678 1690 1670 1567 1623 1452 1651 1512 1505 1434 1466 1390 1474 1474 1526 1540 1540 1601 117171 395566
SLiM_02_sum.txt_boot_002.txt 26078 12926 8464 6569 5280 4186 3661 3182 2861 2524 2137 2171 1948 1814 1605 1641 1521 1460 1436 1312 1232 1118 1096 967 978 985 943 895 972 874 770 794 809 673 754 723 654 658 647 611 596 651 562 544 498 602 578 489 549 51652 25418 17106 12830 10412 8605 7032 6397 5713 5140 4657 4220 3924 3596 3359 3168 3064 2923 2757 2612 2406 2426 2225 2188 2188 2026 1937 1948 1874 1938 1801 1647 1678 1695 1684 1659 1587 1498 1581 1525 1458 1401 1444 1451 1421 1531 1459 1524 1502 117999 397691
SLiM_02_sum.txt_boot_003.txt 25974 12976 8420 6327 5193 4186 3555 3166 2780 2432 2232 2279 1994 1753 1643 1601 1539 1353 1355 1232 1272 1145 1040 975 1035 1022 925 885 894 885 922 794 817 728 731 700 716 669 661 617 598 626 554 515 505 582 537 553 575 51593 25758 17078 13119 10306 8686 7007 6379 5738 5098 4654 4174 3929 3621 3350 3280 3022 3050 2738 2654 2409 2418 2198 2178 2146 2013 2033 2008 1833 1839 1744 1703 1651 1619 1619 1544 1503 1576 1521 1502 1499 1423 1386 1455 1411 1534 1612 1534 1532 117522 394929
SLiM_02_sum.txt_boot_004.txt 26004 12876 8395 6430 5297 4308 3740 3171 2825 2582 2230 2188 2013 1817 1668 1620 1550 1430 1402 1197 1261 1119 1083 1021 976 991 882 890 852 856 834 837 799 728 714 754 673 664 697 633 589 701 571 594 545 585 526 513 550 51477 25839 17219 13125 10066 8542 6913 6574 5679 5050 4746 4134 3880 3462 3316 3250 3185 2911 2662 2660 2396 2293 2192 2208 2200 2064 2010 1993 1935 1822 1716 1721 1722 1698 1647 1616 1611 1534 1535 1557 1472 1377 1407 1385 1434 1565 1508 1625 1599 117270 397221
SLiM_02_sum.txt_boot_005.txt 25824 13214 8412 6325 5335 4240 3608 3224 2780 2537 2278 2104 1988 1771 1651 1572 1497 1567 1303 1220 1230 1101 1056 954 1053 998 925 873 853 864 833 835 802 753 698 721 623 641 717 652 573 668 608 556 519 594 535 535 546 51791 25714 17020 13149 10429 8704 7140 6393 5731 5065 4779 4158 3982 3633 3252 3355 3175 2839 2731 2658 2429 2413 2162 2201 2135 2048 1958 1974 1859 1825 1730 1678 1697 1650 1712 1562 1562 1660 1551 1585 1439 1401 1335 1413 1488 1515 1519 1529 1552 117820 395844
SLiM_02_sum.txt_boot_006.txt 25887 13106 8420 6421 5304 4357 3629 3217 2863 2508 2234 2185 1960 1838 1651 1577 1478 1436 1340 1271 1291 1132 1094 958 1047 939 828 851 861 884 844 791 851 739 704 703 666 633 669 619 535 690 548 556 543 595 549 544 624 51747 25835 17209 12941 10287 8617 7054 6299 5949 5210 4680 4197 3887 3712 3340 3269 3103 2930 2772 2676 2480 2358 2190 2189 2238 2038 1961 2044 1864 1834 1807 1782 1669 1656 1705 1541 1524 1550 1523 1567 1471 1429 1454 1459 1500 1534 1553 1459 1587 118307 397141
SLiM_02_sum.txt_boot_007.txt 26112 12779 8524 6261 5431 4230 3738 3221 2922 2543 2235 2224 1980 1813 1606 1609 1459 1382 1325 1234 1249 1167 1095 1020 958 1042 900 935 902 955 805 825 859 710 654 702 622 711 688 621 603 704 581 570 500 619 521 536 576 51957 25829 16829 12841 10409 8723 7135 6390 5725 5086 4851 4092 3997 3616 3357 3318 3227 3003 2768 2573 2445 2395 2146 2272 2046 1972 1879 2018 1845 1912 1663 1715 1699 1625 1623 1655 1591 1560 1511 1499 1445 1389 1354 1448 1496 1565 1603 1601 1508 117151 397245
SLiM_02_sum.txt_boot_008.txt 25962 13182 8530 6358 5351 4269 3633 3163 2791 2545 2237 2126 1994 1850 1674 1591 1518 1475 1338 1293 1249 1113 1072 1076 1032 1014 925 875 880 945 846 869 831 737 668 720 687 635 680 638 593 671 568 545 537 568 524 556 579 51708 26085 16909 12987 10539 8498 7111 6404 5891 5108 4851 4218 3880 3566 3353 3244 3012 3003 2724 2615 2445 2413 2222 2170 2124 2143 1964 1935 1882 1782 1737 1754 1715 1645 1683 1568 1571 1566 1555 1518 1470 1457 1417 1310 1451 1535 1491 1607 1557 117903 397045
SLiM_02_sum.txt_boot_009.txt 25747 12827 8387 6506 5332 4156 3691 3230 2782 2495 2215 2187 1967 1907 1628 1570 1471 1456 1369 1274 1250 1080 1050 991 1001 938 965 942 844 909 890 837 800 745 704 682 662 669 687 647 623 725 574 573 518 581 523 504 556 51966 26010 17043 12944 10318 8478 7028 6425 5893 5120 4865 4251 3882 3557 3314 3271 3189 3009 2707 2687 2436 2412 2234 2134 2119 2072 1955 1931 1842 1942 1800 1682 1676 1563 1648 1558 1467 1615 1557 1466 1451 1456 1413 1487 1499 1550 1553 1521 1521 118035 395679
SLiM_02_sum.txt_boot_010.txt 25930 12723 8435 6339 5377 4278 3566 3239 2897 2516 2206 2221 1980 1820 1678 1525 1515 1437 1306 1282 1296 1181 1113 968 1019 1018 905 906 881 890 807 880 792 706 686 715 686 597 703 599 570 689 563 513 532 624 569 504 563 51206 25890 16979 12826 10647 8495 7064 6305 5720 5100 4672 4224 3781 3601 3331 3291 2965 2958 2752 2670 2380 2341 2195 2223 2119 2052 2045 1955 1873 1858 1777 1689 1725 1624 1567 1624 1545 1642 1556 1532 1478 1403 1442 1354 1423 1567 1543 1592 1526 118189 396760
SLiM_02_sum.txt_boot_011.txt 25889 13085 8266 6377 5215 4380 3682 3184 2853 2549 2198 2160 1909 1817 1679 1611 1548 1380 1351 1209 1204 1105 1092 1023 1001 970 918 893 912 894 818 789 791 727 695 717 682 665 693 627 616 656 529 533 563 548 518 532 503 51771 25791 17117 12874 10488 8555 7092 6335 5840 5085 4752 4153 3860 3535 3260 3184 3071 2976 2709 2657 2385 2409 2143 2172 2140 2053 2026 2024 1760 1787 1740 1698 1656 1638 1569 1567 1548 1659 1571 1468 1439 1464 1382 1408 1480 1534 1545 1624 1486 117370 396970
SLiM_02_sum.txt_boot_012.txt 26078 12922 8439 6355 5341 4253 3606 3134 2868 2528 2225 2150 1898 1842 1625 1591 1466 1468 1367 1268 1252 1141 1025 996 1047 966 953 903 888 857 817 769 838 685 681 723 628 647 719 603 582 694 576 606 518 576 536 521 593 51634 25718 16870 13327 10397 8461 7061 6393 5710 5169 4849 4143 3829 3617 3351 3169 3100 2983 2775 2802 2431 2361 2270 2220 2182 2089 2027 1962 1943 1839 1781 1775 1678 1627 1656 1615 1553 1554 1555 1496 1512 1370 1399 1394 1449 1599 1599 1530 1577 117499 396603
SLiM_02_sum.txt_boot_013.txt 25919 12931 8345 6474 5250 4286 3708 3189 2885 2492 2236 2182 1938 1784 1702 1612 1540 1449 1401 1265 1181 1111 1098 960 997 1016 919 900 871 914 823 791 818 769 704 709 643 640 668 614 535 656 593 572 556 541 587 597 577 51266 25739 17123 12999 10349 8605 7127 6499 5742 5214 4711 4210 3833 3626 3382 3274 3176 2921 2794 2727 2331 2384 2179 2232 2102 2060 1995 1878 1786 1781 1762 1743 1687 1675 1685 1579 1555 1586 1651 1527 1412 1436 1454 1354 1509 1480 1586 1570 1576 117794 396417
SLiM_02_sum.txt_boot_014.txt 26049 12938 8198 6332 5324 4280 3656 3248 2875 2495 2339 2172 1977 1808 1653 1607 1445 1446 1359 1203 1293 1161 1111 1049 991 1039 900 874 889 856 854 763 795 701 716 773 697 641 681 626 574 673 566 542 526 597 572 509 539 51463 25684 17091 12944 10257 8347 7046 6323 5840 4956 4746 4149 3967 3649 3426 3274 3199 2950 2777 2592 2423 2462 2138 2223 2140 2027 1994 1929 1776 1827 1665 1783 1633 1596 1718 1546 1528 1641 1518 1525 1409 1450 1342 1428 1459 1473 1471 1574 1514 117504 397373
SLiM_02_sum.txt_boot_015.txt 26072 12990 8564 6512 5179 4331 3692 3180 2824 2527 2218 2236 1903 1800 1683 1645 1409 1508 1357 1230 1288 1103 1131 1046 1026 996 919 912 871 870 868 816 811 690 650 741 665 654 700 621 589 650 584 571 565 605 504 530 565 51300 25795 16944 13150 10327 8422 6971 6418 5745 5143 4647 4125 3793 3582 3372 3246 3091 3025 2729 2607 2436 2335 2243 2348 2151 2000 1925 1925 1854 1864 1725 1719 1650 1679 1710 1608 1551 1573 1533 1536 1413 1472 1455 1441 1457 1552 1577 1564 1540 117840 397871
SLiM_02_sum.txt_boot_016.txt 25918 13039 8308 6273 5199 4123 3752 3152 2884 2479 2285 2191 1919 1776 1552 1601 1526 1461 1385 1282 1190 1216 1103 1044 1009 992 940 863 851 813 790 788 779 734 699 693 658 650 663 680 585 661 559 573 541 623 529 502 587 51367 25923 17229 13081 10493 8556 7008 6462 5700 5064 4694 4143 3840 3709 3331 3242 3041 2933 2818 2610 2409 2396 2164 2157 2172 2023 2072 1965 1916 1842 1755 1763 1697 1562 1719 1600 1532 1613 1532 1519 1468 1418 1390 1431 1484 1494 1471 1579 1603 117160 396970
SLiM_02_sum.txt_boot_017.txt 25987 12987 8375 6370 5262 4222 3586 3192 2840 2456 2249 2166 2034 1859 1721 1577 1442 1452 1403 1237 1252 1150 1084 994 1023 987 926 844 946 890 850 788 780 761 717 731 599 659 736 606 538 686 610 588 541 614 524 530 554 51351 25462 17072 13123 10525 8483 7060 6357 5769 5121 4757 4273 4000 3627 3359 3346 3133 3080 2790 2620 2383 2348 2211 2182 2160 2039 2067 2044 1830 1763 1803 1688 1739 1610 1692 1576 1490 1642 1519 1477 1525 1390 1393 1442 1469 1559 1477 1566 1542 117876 395827
SLiM_02_sum.txt_boot_018.txt 25891 12958 8525 6311 5358 4286 3766 3129 2870 2411 2318 2187 2070 1822 1687 1629 1509 1443 1405 1295 1204 1160 1081 971 991 998 911 837 907 857 868 765 786 735 751 666 725 672 722 605 575 690 577 563 521 587 618 540 537 51823 25554 17177 13093 10303 8644 6956 6475 5779 4988 4683 4203 3793 3637 3411 3289 3114 2910 2676 2647 2377 2405 2131 2171 2104 2063 1975 1923 1837 1799 1746 1731 1699 1628 1620 1600 1519 1662 1614 1501 1478 1527 1406 1386 1469 1540 1593 1570 1487 117688 395890
SLiM_02_sum.txt_boot_019.txt 25824 13148 8315 6397 5312 4227 3622 3261 2826 2445 2232 2140 1994 1842 1733 1625 1481 1468 1350 1229 1257 1153 1086 1040 979 1021 910 903 873 920 811 788 813 755 717 713 648 663 694 654 564 695 636 578 549 566 504 540 614 51725 25981 17098 12983 10576 8858 7079 6412 5898 5090 4761 4109 3766 3691 3324 3222 3023 2844 2677 2691 2409 2366 2165 2175 2125 1975 2018 1929 1903 1824 1748 1672 1649 1626 1656 1520 1490 1598 1502 1528 1466 1403 1396 1390 1472 1531 1529 1570 1608 117372 396924
SLiM_02_sum.txt_boot_020.txt 25848 12980 8348 6364 5308 4286 3685 3210 2833 2562 2285 2069 1981 1914 1651 1590 1505 1442 1375 1269 1233 1103 1135 981 1020 968 916 873 885 875 855 761 808 752 731 725 682 668 678 614 606 669 555 561 525 603 548 583 553 51247 25732 17008 12954 10284 8700 7046 6385 5834 5072 4938 4155 3882 3654 3327 3265 3143 3011 2650 2712 2447 2395 2191 2219 2193 2040 2029 1931 1877 1886 1716 1737 1741 1675 1685 1558 1507 1616 1533 1465 1480 1460 1427 1353 1458 1536 1549 1554 1513 118224 396540
SLiM_02_sum.txt_boot_021.txt 25960 13036 8424 6505 5219 4184 3675 3130 2916 2540 2201 2175 1954 1767 1622 1524 1454 1439 1392 1270 1259 1152 1125 1051 1024 992 923 853 883 894 828 818 843 723 690 730 653 616 676 624 589 649 556 545 554 643 550 539 577 51638 25906 17182 12979 10550 8474 7078 6404 5656 5096 4816 4153 4036 3651 3320 3264 3249 2958 2775 2530 2458 2398 2226 2228 2132 2077 2024 1967 1829 1870 1804 1720 1667 1640 1726 1596 1481 1615 1524 1537 1388 1495 1367 1399 1432 1508 1558 1536 1561 117353 396181
SLiM_02_sum.txt_boot_022.txt 25936 12825 8408 6438 5206 4147 3701 3132 2780 2548 2064 2204 1989 1910 1701 1564 1428 1471 1346 1282 1269 1147 1111 989 1023 978 915 875 879 874 802 815 801 739 715 693 645 687 698 632 578 667 583 556 533 621 534 516 571 51606 26193 16981 13076 10376 8547 6940 6526 5792 5030 4844 4282 3975 3634 3344 3208 3144 2964 2734 2700 2471 2395 2166 2284 2149 2103 1958 1958 1804 1917 1802 1763 1630 1609 1641 1608 1509 1526 1484 1561 1468 1477 1352 1444 1444 1496 1550 1548 1628 118555 396060
SLiM_02_sum.txt_boot_023.txt 25806 12924 8416 6322 5249 4191 3677 3139 2860 2446 2174 2218 1958 1881 1620 1589 1446 1449 1393 1281 1231 1169 1072 1003 1034 981 901 861 865 914 821 824 809 748 676 714 661 641 703 563 596 704 566 540 499 604 530 524 583 51581 25802 17115 12622 10448 8500 7011 6388 5727 5266 4608 4201 3807 3605 3311 3201 3209 2995 2718 2665 2412 2376 2211 2131 2131 2098 2011 1960 1771 1788 1747 1712 1639 1721 1601 1543 1445 1538 1539 1423 1477 1463 1325 1383 1528 1478 1571 1570 1568 118153 395753
SLiM_02_sum.txt_boot_024.txt 25826 12947 8444 6458 5300 4171 3717 3276 2837 2549 2324 2183 2025 1935 1640 1521 1460 1411 1358 1239 1298 1124 1103 1023 1004 955 921 856 923 860 854 787 788 775 747 667 670 663 647 602 611 645 578 574 527 603 528 514 554 51839 25971 17125 12916 10365 8570 7054 6541 5810 5126 4765 4161 3924 3604 3371 3235 3120 2910 2662 2693 2394 2391 2239 2149 2252 2053 1982 1970 1927 1848 1695 1714 1694 1617 1653 1610 1445 1622 1575 1449 1463 1390 1425 1376 1479 1581 1572 1481 1561 117645 397229
SLiM_02_sum.txt_boot_025.txt 25908 12925 8287 6538 5286 4216 3630 3148 2779 2513 2231 2190 1985 1837 1626 1528 1477 1480 1363 1264 1310 1107 1113 1045 1027 953 886 898 889 910 849 808 830 723 692 704 673 674 657 621 578 649 567 578 571 646 546 523 553 51681 25842 17211 12761 10189 8528 7060 6394 5758 5114 4860 4333 3760 3529 3355 3170 3158 2966 2777 2620 2444 2340 2176 2250 2178 1990 2007 2001 1823 1834 1754 1696 1754 1641 1596 1613 1578 1553 1528 1511 1430 1460 1422 1408 1492 1472 1589 1594 1575 118014 396404
SLiM_02_sum.txt_boot_026.txt 25977 13103 8412 6372 5385 4216 3707 3201 2905 2461 2236 2221 1965 1794 1640 1588 1442 1441 1335 1266 1265 1122 1115 994 1024 971 889 859 892 927 823 821 791 747 671 716 686 698 708 696 572 656 557 620 494 599 521 524 584 51127 25683 16818 13074 10299 8523 7056 6482 5717 5088 4793 4256 3901 3578 3445 3251 3166 2904 2702 2573 2395 2370 2214 2234 2230 2110 1952 2015 1806 1909 1701 1799 1722 1662 1649 1576 1502 1629 1577 1532 1450 1448 1392 1484 1504 1519 1584 1523 1580 118073 396107
SLiM_02_sum.txt_boot_027.txt 25913 12955 8399 6432 5247 4309 3629 3186 2860 2587 2190 2250 1956 1897 1655 1614 1450 1429 1294 1215 1273 1130 1116 1070 1053 1001 924 896 899 894 815 818 829 737 713 658 667 621 686 653 536 665 563 553 540 602 512 553 572 51858 25634 17146 13035 10668 8622 7204 6424 5813 4974 4769 4218 3923 3627 3339 3355 3148 2954 2771 2577 2458 2375 2195 2197 2128 2038 2015 1991 1939 1966 1828 1797 1721 1593 1665 1584 1550 1533 1530 1525 1420 1378 1406 1426 1433 1529 1549 1551 1566 117892 396915
SLiM_02_sum.txt_boot_028.txt 25799 12778 8455 6560 5176 4206 3683 3236 2752 2557 2171 2199 2066 1739 1600 1577 1478 1451 1355 1262 1229 1117 1163 1032 966 983 872 891 852 907 838 716 807 761 663 719 671 661 693 652 587 682 582 529 513 591 510 513 565 51293 25813 16863 13187 10415 8454 7019 6458 5687 5220 4681 4306 3915 3643 3307 3348 3178 2878 2728 2663 2394 2308 2193 2111 2194 2014 1990 1991 1858 1918 1726 1683 1722 1669 1643 1534 1482 1594 1579 1507 1390 1432 1343 1421 1543 1511 1591 1529 1602 118310 395418
SLiM_02_sum.txt_boot_029.txt 26176 12940 8257 6403 5196 4298 3670 3108 2865 2472 2283 2139 1843 1803 1630 1600 1511 1447 1410 1267 1238 1117 1096 982 1008 965 871 873 904 941 820 823 810 703 699 724 627 694 640 641 552 652 619 560 538 600 537 577 571 51289 25798 17130 13027 10346 8476 7013 6413 5792 5080 4755 4269 3920 3619 3336 3339 3148 2972 2735 2644 2404 2447 2202 2166 2125 2048 1975 1991 1888 1934 1771 1704 1674 1643 1686 1560 1595 1685 1588 1516 1526 1450 1431 1410 1469 1482 1551 1601 1577 117362 397147
SLiM_02_sum.txt_boot_030.txt 25943 12734 8357 6338 5296 4186 3779 3087 2769 2517 2201 2110 1982 1796 1658 1644 1528 1405 1359 1279 1274 1144 1093 985 988 973 899 857 868 891 835 857 805 699 644 651 649 676 694 580 605 665 589 573 562 550 542 577 604 51782 25912 16918 13191 10312 8580 7065 6419 5769 5094 4759 4298 3853 3638 3308 3266 3137 2943 2782 2682 2406 2386 2101 2141 2139 2072 2039 1905 1833 1881 1720 1719 1750 1650 1581 1642 1534 1529 1524 1518 1425 1424 1422 1382 1418 1542 1533 1506 1565 117602 397662
SLiM_02_sum.txt_boot_031.txt 25942 13003 8536 6371 5289 4301 3618 3342 2794 2406 2185 2244 1876 1847 1638 1561 1478 1456 1326 1290 1207 1122 1057 1046 1052 1026 874 892 863 876 839 774 814 771 650 753 689 688 698 636 561 684 564 560 506 605 532 556 619 51901 26016 17192 13007 10388 8601 7055 6531 5867 5112 4871 4120 3889 3633 3407 3218 3185 2966 2736 2555 2298 2387 2118 2183 2135 2048 1947 2041 1785 1866 1668 1698 1719 1594 1668 1608 1562 1656 1518 1518 1498 1504 1362 1448 1444 1602 1588 1523 1512 117099 396717
SLiM_02_sum.txt_boot_032.txt 25955 12823 8308 6434 5306 4200 3678 3192 2846 2532 2222 2115 2020 1787 1630 1613 1393 1418 1375 1277 1290 1115 1077 1027 960 977 953 891 861 864 844 779 833 742 732 710 689 637 698 637 579 668 597 569 524 598 528 542 575 51675 26039 17102 13015 10511 8591 6917 6454 5677 5060 4688 4230 3965 3682 3392 3217 3120 2908 2792 2710 2410 2402 2247 2183 2127 2042 1936 1913 1888 1852 1755 1705 1687 1704 1633 1570 1585 1653 1555 1509 1440 1436 1416 1360 1429 1531 1554 1577 1539 117292 396695
SLiM_02_sum.txt_boot_033.txt 25873 13012 8394 6427 5218 4270 3717 3310 2854 2428 2277 2111 2004 1793 1634 1645 1489 1466 1345 1250 1231 1134 1077 1002 1035 978 926 831 860 913 789 785 803 727 676 746 659 660 634 664 597 654 595 580 525 655 551 529 556 51710 26120 17009 12968 10496 8512 6929 6444 5832 4982 4966 4133 3957 3596 3383 3319 3168 2964 2841 2608 2384 2459 2176 2147 2108 2062 1973 1957 1765 1892 1760 1708 1737 1638 1675 1522 1568 1685 1552 1571 1415 1405 1416 1391 1537 1477 1516 1602 1514 117149 397874
SLiM_02_sum.txt_boot_034.txt 25761 13031 8374 6431 5226 4225 3723 3184 2891 2435 2236 2133 1923 1907 1669 1573 1486 1399 1333 1301 1300 1134 1074 1003 1009 978 963 847 855 868 884 755 778 764 717 673 666 639 639 647 543 695 587 589 546 542 581 521 538 51786 25763 17237 12908 10550 8516 7064 6342 5804 5071 4671 4265 3835 3623 3237 3270 3088 3033 2808 2604 2406 2380 2208 2247 2164 2096 2102 2007 1806 1839 1734 1741 1741 1693 1659 1560 1560 1657 1492 1519 1478 1468 1442 1335 1504 1557 1567 1548 1621 118002 395920
SLiM_02_sum.txt_boot_035.txt 25927 12862 8435 6422 5134 4197 3575 3160 2852 2503 2312 2199 1972 1767 1656 1587 1521 1454 1336 1245 1257 1115 1113 1043 1005 1000 925 916 855 858 807 801 801 726 706 668 634 634 672 677 552 672 575 581 515 590 565 546 560 51365 25678 17272 13096 10343 8606 7005 6242 5790 5117 4782 4224 3860 3660 3388 3221 3113 2923 2710 2622 2420 2402 2287 2239 2235 2053 2039 1996 1834 1832 1698 1649 1699 1599 1659 1614 1574 1498 1586 1571 1439 1472 1359 1424 1456 1543 1561 1549 1580 117758 397052
SLiM_02_sum.txt_boot_036.txt 26184 13089 8319 6415 5121 4318 3742 3179 2793 2476 2246 2183 1932 1822 1662 1573 1462 1486 1352 1257 1275 1079 1132 984 1010 967 929 912 920 899 895 825 780 760 704 738 679 678 711 635 560 679 575 559 555 550 507 529 618 51707 26224 17062 13073 10465 8401 7008 6548 5812 5116 4735 4189 3888 3579 3348 3198 3133 2995 2829 2606 2418 2419 2227 2215 2216 2057 1972 2019 1848 1902 1777 1719 1663 1673 1683 1574 1479 1563 1556 1528 1421 1473 1369 1408 1405 1525 1594 1463 1617 117859 397312
SLiM_02_sum.txt_boot_037.txt 25892 13075 8235 6383 5220 4159 3611 3316 2841 2545 2248 2172 1990 1825 1572 1660 1483 1426 1389 1302 1227 1100 1052 989 1022 982 873 892 872 862 862 824 767 715 664 734 681 633 683 575 559 654 608 533 523 603 497 541 590 51797 25957 17064 12996 10466 8511 6995 6433 5739 5052 4930 4082 3931 3675 3394 3207 3084 2911 2799 2631 2393 2404 2158 2239 2159 2033 2001 1917 1786 1872 1769 1758 1735 1644 1623 1551 1566 1659 1625 1521 1352 1470 1413 1454 1441 1506 1568 1545 1526 117261 397099
SLiM_02_sum.txt_boot_038.txt 25934 13011 8460 6470 5236 4301 3687 3148 2837 2486 2216 2237 2047 1753 1572 1526 1446 1492 1326 1310 1243 1139 1085 1036 989 996 905 820 857 858 845 799 780 721 693 746 677 701 664 663 543 671 585 569 506 606 556 495 572 51446 25996 17015 12968 10241 8518 6947 6405 5636 5167 4730 4170 3905 3641 3342 3272 3132 2952 2816 2679 2412 2502 2190 2258 2118 2061 2041 2003 1891 1795 1754 1673 1607 1683 1655 1643 1468 1580 1532 1499 1382 1345 1349 1389 1401 1439 1590 1583 1497 118103 396650
SLiM_02_sum.txt_boot_039.txt 25532 12972 8254 6273 5154 4168 3746 3260 2889 2542 2260 2212 1930 1834 1671 1628 1455 1434 1363 1275 1303 1181 1084 950 997 944 919 907 891 937 789 847 825 748 668 669 661 709 680 657 556 673 573 551 549 599 502 532 589 51826 26110 17020 12862 10259 8463 7025 6495 5591 5163 4763 4238 3951 3679 3333 3318 3147 2870 2756 2671 2461 2366 2251 2273 2123 2020 2030 1985 1798 1825 1645 1745 1671 1618 1698 1643 1551 1637 1577 1526 1446 1462 1476 1382 1415 1584 1613 1578 1627 117412 396482
SLiM_02_sum.txt_boot_040.txt 25993 12909 8559 6261 5161 4266 3688 3242 2749 2511 2219 2185 2078 1881 1675 1607 1522 1496 1376 1274 1222 1158 1114 1033 1015 1028 944 881 860 879 828 788 854 727 632 756 659 635 716 644 592 657 584 556 493 593 533 509 545 51568 26023 16898 13104 10291 8527 7178 6413 5830 5074 4804 4205 3844 3673 3356 3200 3128 2961 2775 2633 2409 2283 2202 2193 2188 2173 1978 1935 1830 1891 1760 1776 1629 1638 1678 1495 1561 1638 1591 1485 1457 1397 1310 1376 1459 1562 1514 1551 1552 118314 396623
SLiM_02_sum.txt_boot_041.txt 25921 12770 8397 6404 5317 4235 3736 3117 2876 2537 2207 2152 1980 1818 1590 1571 1481 1478 1330 1210 1272 1110 1112 1003 1005 979 933 833 865 871 864 830 764 732 703 691 660 688 670 629 593 642 580 566 528 640 544 490 538 51925 25945 17109 12912 10397 8619 6834 6433 5763 4963 4743 4158 3903 3629 3347 3193 3107 3023 2788 2688 2377 2349 2195 2176 2129 1981 1966 1955 1787 1821 1690 1763 1675 1664 1583 1619 1555 1592 1579 1515 1464 1419 1468 1420 1407 1607 1548 1565 1537 118196 396783
SLiM_02_sum.txt_boot_042.txt 25917 13323 8392 6484 5327 4060 3713 3207 2761 2519 2226 2178 2053 1778 1659 1575 1464 1473 1351 1280 1261 1155 1087 1057 976 968 892 868 902 889 872 840 812 712 670 697 657 656 681 578 604 644 568 536 560 616 498 556 560 51492 25884 16920 12878 10626 8416 7106 6316 5818 5142 4727 4074 3929 3652 3411 3314 3065 2896 2849 2677 2333 2319 2154 2152 2180 2000 1964 1921 1831 1820 1735 1683 1747 1643 1717 1563 1564 1647 1551 1465 1442 1424 1413 1391 1535 1538 1579 1535 1556 117691 396594
SLiM_02_sum.txt_boot_043.txt 25730 13050 8386 6353 5205 4188 3689 3187 2869 2559 2221 2150 1931 1866 1622 1614 1472 1439 1319 1271 1289 1193 1068 1013 1049 1034 960 905 859 902 829 794 813 734 660 716 724 632 703 616 640 678 568 554 557 631 574 494 506 51694 26130 16955 13006 10473 8486 7109 6300 5773 5081 4706 4183 3961 3710 3351 3280 3074 2948 2773 2680 2395 2330 2159 2183 2092 2094 1988 1937 1787 1889 1835 1590 1693 1685 1683 1585 1525 1647 1598 1515 1473 1430 1390 1464 1466 1518 1547 1609 1514 117888 396537
SLiM_02_sum.txt_boot_044.txt 25938 12761 8399 6278 5206 4297 3748 3241 2911 2547 2226 2203 2028 1871 1644 1542 1500 1479 1304 1241 1248 1092 1033 996 978 1011 946 945 855 924 842 790 808 766 709 692 662 713 707 620 537 649 536 591 542 586 484 538 571 51904 25713 16987 13006 10454 8577 7199 6560 5659 5194 4812 4334 3899 3496 3460 3246 3124 2883 2683 2649 2499 2369 2148 2238 2144 2080 1983 1955 1821 1833 1702 1698 1739 1641 1707 1490 1568 1545 1534 1449 1422 1408 1433 1432 1485 1530 1640 1496 1554 117724 395454
SLiM_02_sum.txt_boot_045.txt 25743 12976 8428 6414 5152 4226 3671 3264 2818 2477 2252 2177 1968 1810 1693 1538 1450 1405 1380 1218 1222 1155 1048 1050 1023 1001 901 849 904 865 834 824 821 697 711 698 681 655 664 599 603 659 549 602 529 604 544 560 582 51737 25851 17103 13221 10233 8503 7055 6492 5853 5225 4767 4120 3761 3642 3265 3335 3116 2870 2714 2603 2360 2374 2159 2170 2195 2027 2047 1955 1866 1840 1697 1675 1685 1639 1645 1577 1602 1627 1576 1527 1434 1428 1428 1361 1452 1499 1533 1495 1574 117285 396753
SLiM_02_sum.txt_boot_046.txt 25892 13046 8562 6453 5254 4251 3699 3103 2890 2487 2210 2191 1933 1770 1675 1524 1506 1464 1299 1224 1228 1139 1083 1061 999 973 908 866 884 895 856 777 856 722 637 702 647 630 656 624 590 714 559 557 514 560 537 565 605 51594 25878 17241 13165 10421 8576 7141 6353 5684 4940 4685 4174 4023 3683 3326 3204 3065 2945 2746 2559 2420 2458 2111 2191 2139 2107 1923 2002 1812 1900 1784 1762 1745 1686 1673 1555 1550 1588 1617 1477 1384 1395 1421 1346 1448 1546 1582 1546 1571 117656 396249
SLiM_02_sum.txt_boot_047.txt 25960 12970 8235 6354 5246 4357 3747 3209 2834 2577 2211 2257 1948 1813 1616 1531 1530 1426 1394 1288 1310 1138 1088 1027 1055 965 890 862 868 850 762 793 797 706 686 716 627 706 686 596 581 662 567 597 507 594 515 567 566 51706 25852 17084 12950 10316 8507 7107 6326 5745 5209 4723 4244 3894 3663 3378 3273 3046 3008 2714 2567 2425 2380 2172 2168 2168 2076 2003 2037 1892 1882 1752 1746 1631 1602 1578 1565 1596 1564 1570 1534 1388 1395 1392 1415 1466 1546 1482 1520 1584 117616 395719
SLiM_02_sum.txt_boot_048.txt 26021 12899 8422 6457 5154 4211 3605 3244 2818 2431 2273 2154 1864 1752 1553 1569 1405 1452 1355 1254 1247 1159 1127 1030 1031 992 902 886 847 855 817 811 799 676 712 732 656 666 690 649 578 693 565 565 539 539 497 550 530 51625 25945 17061 13084 10459 8456 7020 6570 5750 5149 4707 4286 3886 3602 3395 3289 3090 2924 2806 2541 2315 2386 2207 2279 2213 2071 2017 1952 1853 1868 1760 1739 1760 1559 1625 1579 1495 1595 1599 1469 1422 1471 1411 1437 1449 1540 1496 1590 1604 117963 396320
SLiM_02_sum.txt_boot_049.txt 25900 13010 8349 6517 5258 4222 3624 3223 2866 2545 2242 2170 1919 1929 1692 1551 1499 1489 1381 1278 1270 1144 1088 1007 1006 986 880 861 892 873 844 825 753 718 636 652 664 660 693 589 579 701 595 558 498 619 504 484 577 51373 25643 17055 13016 10392 8616 7156 6313 5788 5187 4700 4040 3878 3525 3340 3244 3111 2953 2734 2679 2356 2361 2213 2151 2207 2045 1956 2017 1830 1907 1756 1675 1725 1654 1714 1557 1565 1638 1501 1557 1488 1434 1424 1426 1490 1556 1548 1520 1549 117720 397693
SLiM_02_sum.txt_boot_050.txt 26074 13126 8337 6344 5241 4347 3806 3140 2809 2494 2213 2216 1992 1797 1632 1624 1533 1474 1349 1238 1271 1180 1079 1003 990 1010 881 899 876 873 870 819 807 713 675 687 661 635 737 623 575 678 597 556 531 621 550 533 575 51558 25980 16821 12950 10512 8404 7055 6315 5586 5025 4716 4235 3950 3670 3392 3295 3223 2911 2747 2653 2371 2568 2154 2157 2186 2141 2019 1933 1869 1800 1796 1774 1653 1642 1651 1588 1583 1564 1621 1555 1408 1497 1409 1430 1480 1549 1513 1546 1556 117680 395801
SLiM_02_sum.txt_boot_051.txt 25787 13020 8342 6436 5272 4297 3647 3178 2845 2474 2251 2194 1942 1805 1676 1627 1471 1514 1284 1275 1268 1151 1100 940 1057 1008 867 908 864 884 813 835 811 687 676 709 659 649 727 600 562 684 568 538 549 582 529 557 605 51205 25468 17110 12860 10531 8556 7127 6486 5711 5116 4772 4076 3942 3463 3230 3406 3102 2908 2735 2682 2285 2428 2099 2243 2196 2085 2034 2014 1963 1828 1784 1737 1662 1679 1673 1539 1613 1563 1538 1470 1466 1483 1400 1396 1484 1561 1550 1601 1566 117610 396160
SLiM_02_sum.txt_boot_052.txt 26064 12934 8316 6483 5218 4161 3708 3307 2886 2541 2329 2172 1936 1892 1629 1628 1464 1570 1377 1304 1209 1201 1093 1041 988 969 884 880 868 874 859 792 835 763 685 730 664 601 730 667 623 653 613 538 517 626 527 521 551 51503 25646 17077 12983 10424 8784 6968 6422 5784 5182 4819 4296 3964 3656 3354 3224 3124 2929 2803 2577 2399 2423 2202 2197 2187 2033 2030 1891 1824 1827 1671 1703 1690 1622 1699 1564 1556 1606 1613 1513 1443 1451 1435 1420 1441 1568 1541 1495 1572 117327 396507
SLiM_02_sum.txt_boot_053.txt 25793 13025 8380 6405 5193 4318 3557 3120 2863 2481 2242 2170 1960 1828 1619 1605 1493 1468 1405 1261 1225 1139 1077 956 1024 1025 977 932 927 851 840 802 881 745 686 733 736 649 661 638 577 633 569 551 540 581 526 547 559 51330 25995 17118 13031 10250 8578 6966 6369 5722 5148 4761 4211 3974 3567 3243 3288 3148 2961 2804 2635 2402 2378 2253 2223 2164 2121 2004 1987 1800 1794 1716 1701 1658 1694 1706 1607 1570 1547 1555 1522 1405 1453 1411 1395 1438 1497 1597 1628 1577 117332 396799
SLiM_02_sum.txt_boot_054.txt 25699 12846 8363 6418 5306 4180 3632 3249 2826 2530 2226 2179 1991 1867 1668 1653 1451 1475 1355 1320 1309 1189 1094 1057 994 984 852 857 883 844 808 825 784 689 682 680 688 689 714 657 585 690 558 574 495 588 528 571 545 51366 25689 17032 12940 10405 8512 6938 6492 5813 5171 4576 4148 3875 3704 3399 3257 3109 2912 2721 2544 2379 2444 2144 2257 2192 2081 1955 1937 1892 1907 1716 1745 1637 1619 1714 1551 1523 1575 1666 1534 1425 1436 1432 1392 1417 1556 1568 1561 1572 117134 396102
SLiM_02_sum.txt_boot_055.txt 25903 12924 8256 6413 5328 4183 3648 3233 2877 2408 2202 2206 1948 1899 1684 1549 1418 1399 1377 1261 1207 1075 1110 1024 1041 1046 922 844 838 894 828 790 812 731 739 664 638 668 647 613 603 631 581 542 526 612 507 581 572 51191 25739 17088 12995 10481 8582 6925 6409 5813 5161 4714 4233 3899 3675 3421 3185 3110 2911 2744 2678 2335 2512 2192 2248 2158 2123 1969 1893 1883 1872 1749 1702 1710 1583 1651 1594 1582 1528 1556 1517 1478 1386 1401 1407 1427 1493 1557 1605 1546 117477 396454
SLiM_02_sum.txt_boot_056.txt 25665 12984 8381 6399 5217 4223 3622 3192 2893 2540 2234 2145 1941 1873 1662 1600 1462 1466 1398 1193 1260 1126 1051 1017 1054 970 977 903 850 827 784 830 749 709 673 743 623 680 656 627 612 653 551 571 521 571 552 568 551 51319 25778 17304 13040 10290 8533 7065 6545 5763 5167 4781 4121 3908 3572 3426 3313 3043 2891 2715 2675 2334 2385 2222 2179 2210 2069 2050 1993 1826 1829 1747 1681 1646 1720 1655 1605 1560 1571 1583 1550 1400 1441 1433 1410 1413 1544 1520 1592 1565 116914 396742
SLiM_02_sum.txt_boot_057.txt 26213 13042 8298 6394 5131 4237 3739 3187 2865 2422 2282 2163 1965 1767 1718 1563 1499 1423 1391 1275 1300 1170 1037 977 977 981 905 937 857 912 865 806 812 727 660 710 658 663 662 614 583 608 587 569 528 602 508 530 570 51371 25932 16971 12956 10348 8486 7130 6491 5782 5188 4833 4195 3831 3508 3277 3225 3092 2953 2741 2631 2409 2420 2152 2236 2058 2082 2039 1962 1886 1804 1772 1732 1717 1595 1719 1609 1573 1589 1617 1554 1414 1495 1416 1438 1419 1560 1583 1576 1541 117597 396677
SLiM_02_sum.txt_boot_058.txt 25872 12978 8399 6315 5227 4204 3694 3162 2742 2654 2225 2163 2015 1755 1594 1596 1492 1480 1351 1261 1230 1152 1086 1081 994 958 946 889 868 894 787 806 783 724 670 695 660 644 684 619 580 655 623 526 514 565 514 538 557 51276 25791 16813 13182 10314 8596 7074 6404 5730 5066 4766 4234 3872 3573 3300 3115 3124 2917 2733 2711 2371 2335 2161 2257 2151 2065 1934 1998 1878 1899 1788 1718 1736 1632 1659 1586 1545 1592 1560 1526 1487 1393 1402 1426 1483 1603 1573 1509 1556 117929 397178
SLiM_02_sum.txt_boot_059.txt 26250 13047 8326 6446 5175 4254 3674 3191 2835 2555 2293 2192 1953 1754 1640 1562 1481 1447 1342 1233 1279 1105 1055 982 1021 984 892 875 864 932 841 784 773 692 696 699 712 644 718 611 585 687 554 610 515 619 517 564 592 51514 25923 17014 13169 10465 8642 7054 6427 5716 5138 4786 4216 3850 3654 3468 3177 3210 3037 2792 2639 2446 2374 2204 2299 2174 2049 2020 2014 1848 1827 1637 1769 1738 1596 1574 1539 1488 1566 1529 1440 1406 1430 1423 1357 1445 1566 1538 1552 1618 118146 396641
SLiM_02_sum.txt_boot_060.txt 25965 12816 8420 6433 5233 4128 3652 3174 2841 2544 2260 2202 2018 1784 1626 1556 1449 1419 1320 1277 1210 1067 1070 1083 1008 991 889 881 829 940 848 802 804 748 685 696 650 689 700 634 628 672 550 516 526 577 502 546 577 51712 25748 17007 13184 10521 8517 7037 6283 5643 4981 4806 4274 3913 3626 3337 3145 3137 2970 2742 2556 2349 2384 2230 2114 2208 2023 1909 2011 1824 1904 1722 1782 1728 1628 1645 1610 1490 1539 1568 1536 1452 1383 1405 1357 1434 1455 1523 1516 1527 117632 397405
SLiM_02_sum.txt_boot_061.txt 26035 12959 8397 6390 5294 4244 3647 3062 2883 2557 2244 2192 1936 1876 1668 1603 1533 1490 1358 1249 1244 1179 1066 1005 999 1025 935 880 885 832 843 795 781 743 692 692 675 654 690 574 590 707 620 556 578 568 545 542 554 51222 25793 16991 13239 10460 8558 6986 6423 5789 5080 4744 4217 3929 3667 3349 3264 3089 2935 2786 2709 2352 2383 2211 2258 2223 2112 2093 1948 1862 1780 1735 1728 1676 1673 1663 1534 1560 1684 1502 1468 1428 1407 1469 1403 1458 1527 1579 1535 1537 117465 397336
SLiM_02_sum.txt_boot_062.txt 25742 12728 8430 6322 5273 4311 3625 3194 2949 2520 2124 2115 1967 1858 1684 1515 1540 1472 1405 1208 1297 1131 1064 930 1026 1032 907 838 908 901 857 791 778 747 686 727 646 685 652 602 569 668 573 534 503 589 500 542 553 51843 25942 17180 12944 10318 8624 7181 6431 5762 4949 4700 4268 3866 3647 3364 3150 3185 3004 2660 2561 2364 2385 2228 2082 2143 2031 1987 1901 1889 1907 1765 1639 1685 1674 1586 1590 1649 1600 1591 1524 1394 1384 1426 1398 1525 1540 1591 1560 1496 118107 397241
SLiM_02_sum.txt_boot_063.txt 26027 12829 8380 6410 5163 4166 3666 3251 2885 2445 2264 2205 1958 1884 1609 1551 1462 1517 1313 1299 1244 1172 1090 982 1033 988 874 848 857 931 832 760 802 733 706 726 663 650 652 597 585 681 583 561 525 544 514 559 544 51713 25608 17196 13181 10448 8657 6962 6408 5653 5141 4708 4205 3956 3644 3352 3253 3075 3006 2805 2658 2425 2398 2199 2220 2152 1911 1950 1998 1829 1860 1803 1745 1663 1546 1629 1529 1559 1588 1559 1504 1385 1388 1391 1418 1490 1545 1585 1590 1547 117843 396362
SLiM_02_sum.txt_boot_064.txt 25882 13003 8327 6435 5137 4324 3614 3149 2913 2443 2218 2148 2014 1814 1587 1578 1544 1396 1361 1261 1244 1106 1122 1004 1031 968 918 870 875 915 763 759 835 742 693 759 650 634 652 669 567 688 551 528 536 580 544 523 546 51533 25967 16929 12986 10225 8558 7041 6446 5734 5056 4707 4223 3951 3654 3407 3229 3068 2941 2738 2699 2400 2356 2160 2229 2198 2018 2035 1995 1849 1839 1789 1711 1683 1719 1690 1534 1579 1581 1560 1525 1449 1433 1426 1449 1515 1532 1576 1561 1544 117281 396175
SLiM_02_sum.txt_boot_065.txt 26090 12935 8479 6451 5330 4210 3582 3128 2900 2432 2289 2149 1981 1767 1657 1577 1494 1499 1424 1299 1198 1142 1091 978 1046 991 899 826 907 827 786 816 793 715 731 751 678 675 676 679 545 685 588 554 554 604 547 521 583 51306 25669 17211 12993 10452 8416 7036 6278 5668 5102 4812 4201 3820 3648 3313 3321 3176 2883 2706 2595 2393 2372 2085 2212 2156 1978 2018 2053 1850 1858 1773 1717 1729 1698 1668 1614 1594 1681 1526 1533 1466 1421 1430 1411 1495 1531 1525 1539 1583 117506 395856
SLiM_02_sum.txt_boot_066.txt 25755 12956 8401 6443 5327 4215 3806 3210 2879 2511 2223 2200 1983 1889 1548 1623 1409 1534 1316 1248 1321 1117 1096 1028 1002 991 877 887 862 900 838 814 798 715 709 764 662 679 702 647 544 710 556 584 508 578 565 511 604 50939 25936 16969 12720 10336 8537 7050 6310 5756 5202 4697 4149 3915 3653 3297 3241 3049 2896 2651 2588 2442 2453 2157 2269 2102 2123 1992 1994 1774 1873 1815 1707 1678 1678 1692 1577 1605 1579 1542 1496 1516 1451 1397 1405 1520 1524 1540 1595 1662 117436 397640
SLiM_02_sum.txt_boot_067.txt 26129 12778 8416 6524 5343 4358 3666 3170 2869 2543 2200 2167 1929 1846 1568 1525 1531 1456 1339 1217 1343 1192 1123 970 1015 1050 896 862 895 876 865 793 789 721 711 693 712 679 663 580 600 667 560 561 526 592 518 525 599 51298 25650 17126 12885 10293 8494 6880 6337 5779 5087 4786 4156 3905 3611 3366 3315 3152 3003 2795 2586 2431 2311 2238 2212 2185 2082 1984 1928 1836 1816 1710 1695 1690 1617 1665 1578 1510 1573 1609 1502 1464 1414 1409 1357 1396 1605 1527 1529 1572 117607 397284
SLiM_02_sum.txt_boot_068.txt 25968 12831 8346 6385 5138 4232 3747 3163 2786 2562 2374 2153 1987 1840 1648 1565 1544 1481 1343 1290 1165 1099 1096 1031 1035 1004 876 860 841 870 891 779 799 710 674 722 685 675 696 599 563 654 570 543 512 611 515 490 528 51653 26028 17066 13051 10433 8628 6932 6353 5708 5150 4828 4207 3942 3536 3330 3311 3150 2908 2781 2572 2433 2345 2135 2214 2138 2008 1961 1936 1815 1843 1747 1714 1629 1608 1585 1610 1570 1635 1513 1484 1425 1398 1374 1442 1464 1495 1552 1606 1536 117949 395415
SLiM_02_sum.txt_boot_069.txt 25833 13072 8432 6537 5314 4334 3640 3149 2847 2447 2258 2221 1917 1830 1694 1627 1435 1451 1321 1274 1250 1128 1107 955 1066 992 896 858 931 927 782 776 790 750 675 727 665 632 692 593 594 705 593 578 511 619 536 509 554 51690 26017 16882 13093 10574 8496 7033 6487 5754 5017 4800 4225 3916 3591 3486 3273 3082 2940 2750 2655 2393 2432 2169 2229 2132 2061 1945 1970 1802 1892 1764 1629 1686 1662 1656 1539 1541 1669 1551 1470 1421 1433 1391 1328 1451 1567 1593 1530 1561 118583 396734
SLiM_02_sum.txt_boot_070.txt 25862 12964 8477 6370 5160 4241 3665 3152 2888 2526 2290 2122 2003 1836 1682 1597 1490 1467 1353 1291 1302 1151 1085 998 1061 965 870 950 857 909 776 844 817 719 692 672 677 617 666 608 601 685 559 554 511 602 545 510 604 51696 26004 17278 12927 10576 8794 7023 6466 5710 5039 4842 4211 3843 3650 3321 3300 3151 3014 2774 2645 2397 2455 2243 2185 2131 2039 2019 1975 1892 1731 1800 1712 1704 1619 1606 1556 1610 1582 1541 1490 1474 1411 1379 1382 1444 1528 1571 1566 1610 117621 396676
SLiM_02_sum.txt_boot_071.txt 25746 12944 8252 6334 5241 4250 3636 3268 2894 2489 2309 2173 1978 1844 1625 1547 1409 1508 1333 1266 1233 1167 1132 996 978 1024 930 892 871 861 787 811 799 763 639 736 640 688 684 690 590 706 604 537 517 574 544 568 534 51642 25750 16996 12845 10513 8545 6908 6296 5770 5030 4559 4197 3857 3486 3257 3328 3237 2940 2723 2584 2392 2329 2244 2249 2241 1984 1946 1936 1883 1837 1775 1744 1718 1626 1670 1627 1582 1582 1531 1450 1442 1404 1425 1468 1477 1488 1645 1472 1529 117899 396879
SLiM_02_sum.txt_boot_072.txt 26030 12923 8352 6368 5287 4300 3634 3176 2828 2506 2183 2140 2022 1767 1689 1602 1484 1521 1374 1307 1311 1127 1069 1009 997 984 873 940 916 913 821 755 794 701 701 707 680 623 699 658 588 693 584 518 513 647 526 505 584 51256 25714 17105 13025 10411 8548 6977 6268 5744 5112 4780 4135 3894 3652 3264 3281 3203 2985 2700 2574 2383 2381 2114 2189 2187 2085 1985 2029 1847 1801 1622 1784 1694 1560 1662 1524 1545 1612 1532 1522 1457 1419 1481 1386 1477 1533 1604 1522 1591 117618 396128
SLiM_02_sum.txt_boot_073.txt 25762 12984 8358 6358 5218 4162 3753 3199 2853 2530 2146 2144 2026 1856 1636 1599 1578 1519 1360 1274 1244 1179 1117 999 985 973 929 917 836 887 795 838 770 722 684 673 674 657 654 622 579 689 562 548 525 562 557 514 559 51384 26059 17194 13052 10422 8608 7042 6350 5879 5006 4786 4297 3834 3731 3402 3253 3191 3042 2713 2607 2426 2413 2146 2216 2224 1986 1971 1954 1802 1893 1792 1762 1746 1723 1698 1527 1546 1572 1613 1535 1431 1352 1362 1418 1476 1527 1529 1581 1521 117958 396235
SLiM_02_sum.txt_boot_074.txt 25913 12864 8225 6349 5360 4299 3633 3107 2906 2484 2201 2219 1949 1778 1706 1569 1491 1507 1339 1248 1242 1081 1086 1023 1019 983 880 871 895 876 815 822 775 740 729 688 632 649 705 650 583 648 572 564 544 591 554 541 597 51507 25595 17118 13096 10315 8455 6925 6360 5845 5263 4705 4237 3873 3629 3400 3286 3133 2949 2757 2589 2372 2371 2237 2274 2262 2070 1985 1994 1839 1845 1770 1674 1674 1610 1563 1555 1515 1604 1532 1560 1436 1453 1401 1368 1499 1546 1528 1533 1511 117875 396236
SLiM_02_sum.txt_boot_075.txt 26123 12983 8311 6488 5296 4310 3559 3117 2875 2523 2221 2153 1858 1836 1614 1573 1581 1513 1314 1273 1223 1085 1029 976 1020 1005 935 891 858 876 774 802 791 754 654 741 617 637 652 629 592 692 599 554 543 671 546 499 573 51426 25925 17410 12902 10394 8635 7093 6253 5788 5073 4728 4214 3828 3649 3391 3198 2991 3071 2806 2642 2445 2437 2228 2140 2184 2026 1967 1969 1856 1852 1752 1838 1712 1665 1688 1470 1569 1655 1514 1497 1459 1463 1431 1420 1532 1551 1567 1540 1584 118234 397063
SLiM_02_sum.txt_boot_076.txt 25627 12967 8509 6283 5166 4217 3647 3110 2886 2555 2268 2158 1981 1846 1623 1542 1450 1494 1272 1229 1306 1106 1093 1033 1039 938 949 844 879 902 841 798 817 724 676 704 655 645 685 626 594 679 573 565 518 600 550 535 548 51502 26207 17151 12848 10377 8559 7166 6402 5661 5041 4772 4241 3845 3656 3450 3209 3109 2958 2703 2679 2445 2413 2223 2199 2210 2081 2001 1890 1796 1881 1733 1674 1739 1623 1620 1506 1465 1595 1527 1455 1452 1424 1355 1434 1371 1504 1589 1586 1531 118402 397603
SLiM_02_sum.txt_boot_077.txt 25842 12846 8410 6359 5239 4136 3698 3183 2783 2451 2201 2190 1999 1823 1719 1563 1437 1444 1365 1275 1218 1144 1071 998 1079 970 952 891 895 868 872 759 835 765 665 730 647 688 740 594 592 623 571 577 553 591 542 518 562 51824 26059 17082 12909 10478 8538 6947 6391 5762 5131 4744 4147 3882 3638 3505 3212 3176 2918 2750 2522 2466 2340 2234 2152 2142 2019 2013 1961 1827 1857 1807 1640 1696 1586 1655 1548 1552 1524 1578 1509 1447 1387 1379 1424 1491 1493 1603 1518 1504 118393 397110
SLiM_02_sum.txt_boot_078.txt 25589 12889 8421 6429 5255 4239 3628 3235 2944 2453 2203 2213 2065 1817 1661 1566 1449 1378 1380 1282 1267 1233 1113 989 1046 996 881 890 881 891 856 824 794 755 699 663 651 668 658 639 590 615 600 532 548 586 506 555 533 51452 26057 16954 12973 10444 8380 7141 6415 5863 5109 4739 4126 3796 3659 3369 3289 3200 2955 2705 2697 2413 2385 2143 2210 2110 2035 2023 2008 1811 1866 1796 1733 1666 1641 1585 1575 1550 1587 1552 1484 1424 1379 1366 1421 1492 1581 1621 1584 1519 117599 397356
SLiM_02_sum.txt_boot_079.txt 25643 12926 8539 6524 5167 4102 3654 3164 2801 2518 2238 2170 1964 1814 1692 1590 1504 1416 1416 1267 1256 1180 1066 1013 997 1010 988 888 937 886 876 758 789 757 719 705 612 664 695 636 597 682 590 573 556 619 526 560 543 51842 25904 17045 13170 10459 8618 7086 6341 5600 5035 4694 4248 3937 3586 3425 3354 3045 2894 2638 2688 2466 2496 2163 2172 2212 2055 2039 2006 1851 1878 1678 1741 1644 1678 1613 1606 1540 1592 1544 1543 1436 1489 1291 1300 1462 1550 1547 1474 1588 117926 397027
SLiM_02_sum.txt_boot_080.txt 25920 12934 8440 6440 5300 4203 3588 3107 2886 2521 2103 2114 2088 1782 1696 1561 1590 1370 1337 1305 1247 1199 1086 1012 1038 992 892 855 886 804 850 829 745 777 709 712 659 709 677 620 621 671 567 561 511 563 500 547 559 52063 25909 17079 13036 10227 8579 6973 6332 5743 5225 4775 4184 4062 3618 3319 3275 3049 3074 2709 2708 2425 2382 2218 2163 2123 2043 1953 1952 1848 1841 1686 1756 1703 1614 1699 1635 1546 1604 1555 1584 1485 1515 1413 1390 1535 1530 1551 1513 1592 117287 396118
SLiM_02_sum.txt_boot_081.txt 25638 12846 8189 6337 5404 4174 3782 3080 2767 2593 2225 2214 1946 1799 1691 1582 1455 1458 1358 1249 1233 1202 1076 993 961 916 946 911 912 854 794 778 755 716 707 706 669 647 671 643 617 678 525 595 560 540 553 559 550 51233 25711 17144 13008 10223 8594 6928 6353 5681 5041 4680 4302 3811 3609 3364 3224 3160 2892 2662 2646 2421 2441 2156 2129 2206 2054 1964 1967 1921 1784 1829 1777 1694 1574 1634 1614 1572 1619 1565 1451 1383 1370 1413 1347 1456 1528 1567 1617 1589 117868 396292
SLiM_02_sum.txt_boot_082.txt 25865 12851 8390 6407 5071 4265 3665 3206 2893 2607 2287 2243 2027 1883 1571 1499 1491 1485 1363 1260 1241 1101 1087 991 1038 1038 870 908 880 893 804 763 855 783 746 742 669 632 661 593 604 654 598 565 531 575 497 553 590 51791 25680 17069 12828 10561 8647 6911 6378 5682 5121 4766 4287 3855 3511 3255 3267 3247 2963 2735 2579 2346 2337 2200 2168 2260 2061 1989 1909 1934 1882 1822 1680 1634 1657 1660 1596 1613 1597 1466 1493 1452 1429 1332 1398 1508 1479 1492 1501 1571 118076 396503
SLiM_02_sum.txt_boot_083.txt 25707 12843 8411 6408 5309 4210 3609 3094 2811 2599 2297 2080 1990 1818 1603 1625 1524 1365 1399 1257 1255 1105 1083 1003 1019 1009 887 932 835 878 826 820 808 751 721 671 647 711 713 619 577 653 529 557 505 661 546 478 575 51778 25704 16941 13126 10354 8562 6994 6406 5812 5013 4766 4208 3902 3552 3276 3235 3180 2970 2748 2741 2412 2419 2219 2201 2192 2046 1989 1977 1883 1873 1786 1712 1699 1678 1650 1612 1501 1610 1535 1450 1435 1324 1353 1425 1497 1539 1488 1544 1599 117163 397058
SLiM_02_sum.txt_boot_084.txt 26076 12802 8400 6331 5235 4355 3710 3257 2887 2634 2281 2213 2020 1874 1631 1582 1431 1435 1444 1320 1229 1180 1081 992 1022 987 928 837 901 871 817 746 770 770 702 702 681 633 699 607 580 621 603 564 552 619 507 512 587 51540 26026 17261 12915 10433 8612 6886 6405 5788 5048 4717 4329 3873 3610 3276 3253 3076 2872 2693 2661 2394 2411 2185 2098 2210 2013 2001 1980 1857 1913 1733 1719 1687 1655 1647 1548 1527 1629 1590 1485 1427 1382 1397 1398 1465 1608 1510 1551 1544 117913 396859
SLiM_02_sum.txt_boot_085.txt 25778 12667 8307 6340 5258 4210 3639 3192 2840 2586 2247 2168 2028 1806 1599 1580 1478 1428 1406 1176 1276 1104 1086 991 979 1016 920 918 883 898 787 762 803 704 688 711 643 696 696 618 578 662 570 543 513 594 557 540 598 51815 25836 16982 12899 10580 8404 7178 6488 5904 5083 4776 4209 3932 3622 3274 3253 3198 2938 2738 2587 2487 2349 2229 2270 2129 2005 1971 1960 1886 1895 1856 1719 1671 1613 1683 1554 1538 1629 1577 1490 1371 1439 1394 1423 1425 1597 1580 1534 1618 117868 396812
SLiM_02_sum.txt_boot_086.txt 26021 12963 8415 6381 5253 4196 3694 3132 2926 2628 2274 2157 2025 1833 1637 1559 1495 1469 1338 1285 1245 1099 1057 957 988 1043 889 843 852 844 832 780 846 741 702 700 624 660 705 559 602 655 548 521 508 603 509 567 601 51256 25764 17021 12905 10474 8562 6877 6477 5726 5086 4935 4118 3824 3526 3403 3280 3078 2929 2716 2612 2393 2478 2205 2174 2106 2013 2014 2012 1805 1869 1798 1665 1683 1639 1666 1569 1543 1632 1604 1554 1457 1475 1424 1496 1538 1557 1540 1516 1570 117677 396838
SLiM_02_sum.txt_boot_087.txt 25958 12973 8296 6436 5247 4206 3694 3117 2891 2561 2219 2137 1982 1811 1617 1597 1439 1478 1299 1210 1161 1095 1094 1014 1013 972 914 880 907 940 822 806 760 770 704 724 646 670 642 629 624 635 575 585 540 571 542 525 609 51583 25702 17256 13041 10259 8617 7065 6388 5658 5111 4842 4301 3955 3615 3437 3265 3088 2948 2738 2627 2398 2423 2197 2269 2218 2088 2003 2048 1815 1880 1778 1752 1648 1645 1719 1604 1523 1630 1576 1537 1500 1467 1410 1397 1500 1558 1528 1561 1490 117735 396987
SLiM_02_sum.txt_boot_088.txt 26179 12947 8506 6459 5265 4210 3663 3195 2803 2569 2215 2114 1922 1848 1628 1522 1553 1422 1390 1215 1289 1129 1015 984 973 1085 921 901 883 905 827 844 776 739 693 722 643 667 727 689 581 663 577 566 522 600 512 562 575 51290 25737 16990 12889 10462 8560 6968 6283 5719 5091 4780 4186 3888 3621 3480 3241 3127 2883 2682 2587 2459 2355 2173 2104 2195 2056 1949 1943 1801 1818 1706 1715 1692 1705 1673 1573 1538 1548 1599 1523 1486 1367 1443 1459 1530 1563 1573 1543 1505 117736 396484
SLiM_02_sum.txt_boot_089.txt 26134 12705 8555 6413 5176 4289 3610 3246 2825 2560 2321 2187 2024 1801 1705 1561 1475 1450 1320 1270 1269 1205 1116 1006 979 1023 932 879 923 904 835 811 793 720 691 715 632 666 650 591 596 665 613 579 512 603 555 515 570 51645 25639 17285 13185 10459 8358 6997 6526 5687 5092 4803 4188 3928 3565 3319 3244 3095 2948 2784 2678 2407 2398 2161 2108 2167 2110 2020 1959 1809 1906 1853 1615 1762 1612 1708 1597 1520 1558 1628 1539 1487 1446 1469 1451 1477 1527 1554 1534 1519 117024 397557
SLiM_02_sum.txt_boot_090.txt 25987 13197 8426 6487 5262 4285 3652 3220 2864 2487 2234 2219 2016 1875 1611 1477 1480 1354 1371 1271 1209 1124 1087 1012 1011 1020 948 874 849 907 867 768 804 724 719 747 682 641 696 652 560 694 593 556 528 620 518 514 557 51224 25798 16852 12896 10410 8575 7183 6248 5609 5110 4677 4167 3927 3619 3457 3275 3131 2973 2820 2619 2385 2375 2142 2189 2270 2045 1953 1947 1907 1934 1808 1738 1777 1583 1663 1570 1546 1547 1547 1569 1450 1385 1362 1344 1461 1531 1490 1610 1478 117382 396627
SLiM_02_sum.txt_boot_091.txt 25861 13117 8507 6347 5320 4320 3522 3218 2836 2634 2198 2129 2000 1731 1593 1538 1510 1436 1284 1294 1246 1126 1156 983 988 1000 909 849 876 879 783 798 822 713 662 694 654 637 670 644 602 674 610 550 515 580 528 511 600 51391 25985 16834 12770 10349 8458 6976 6470 5784 5092 4709 4080 3845 3716 3400 3311 3170 2909 2717 2607 2403 2400 2235 2187 2218 2001 2025 1928 1865 1898 1739 1785 1786 1679 1681 1536 1586 1636 1573 1448 1448 1446 1439 1443 1399 1608 1528 1504 1514 117580 396084
SLiM_02_sum.txt_boot_092.txt 25903 12943 8727 6399 5261 4174 3681 3151 2835 2512 2260 2200 2011 1843 1548 1614 1574 1514 1401 1243 1275 1201 1086 1015 997 947 923 857 966 922 842 798 816 733 686 750 640 674 683 643 590 686 584 609 534 600 570 508 567 51481 25877 17026 13066 10472 8531 7027 6314 5708 5073 4669 4253 3877 3651 3413 3171 3205 2981 2726 2605 2424 2410 2184 2099 2134 2102 2076 2000 1826 1896 1770 1716 1702 1655 1642 1569 1544 1643 1591 1593 1480 1467 1408 1454 1502 1464 1584 1540 1463 117223 397991
SLiM_02_sum.txt_boot_093.txt 25974 12913 8444 6417 5259 4223 3725 3144 2843 2536 2243 2114 1950 1845 1578 1551 1526 1491 1391 1358 1251 1198 1088 994 1016 1000 932 879 811 859 861 764 846 727 681 753 704 667 717 674 567 689 564 600 545 629 527 585 559 51245 25878 17183 13055 10621 8562 7009 6432 5756 5143 4718 4175 3882 3652 3250 3257 3110 3001 2690 2585 2436 2502 2235 2216 2154 2069 2017 1998 1836 1868 1760 1683 1652 1624 1581 1571 1547 1584 1623 1474 1361 1352 1407 1426 1537 1511 1530 1507 1508 118065 396706
SLiM_02_sum.txt_boot_094.txt 25860 12839 8394 6430 5258 4201 3641 3269 2858 2519 2172 2193 1967 1764 1628 1560 1482 1432 1329 1236 1226 1166 1098 1011 1024 972 911 914 839 869 850 844 846 757 665 695 687 662 674 620 600 740 616 528 529 628 503 523 547 51694 25735 17157 12789 10345 8582 7029 6494 5709 5254 4750 4174 3842 3650 3301 3280 3154 3009 2752 2540 2380 2430 2174 2167 2070 2134 2071 1998 1789 1901 1761 1656 1671 1607 1640 1592 1544 1621 1613 1497 1447 1431 1450 1404 1500 1608 1551 1600 1491 117613 397771
SLiM_02_sum.txt_boot_095.txt 25996 12860 8262 6447 5359 4270 3646 3250 2908 2452 2324 2144 1929 1726 1666 1547 1481 1495 1370 1242 1247 1157 1121 1038 1021 1025 885 853 882 878 765 769 851 701 669 746 692 632 734 651 600 692 574 575 533 624 524 534 587 51579 25730 17100 13049 10327 8528 7032 6340 5677 5123 4705 4095 3866 3589 3361 3224 3174 2854 2731 2640 2334 2386 2143 2150 2224 2020 2013 1972 1853 1825 1708 1700 1670 1634 1652 1592 1548 1578 1575 1556 1480 1417 1416 1428 1459 1568 1578 1621 1507 117462 396582
SLiM_02_sum.txt_boot_096.txt 26177 12829 8412 6364 5314 4117 3710 2962 2889 2500 2233 2162 1927 1872 1646 1506 1498 1418 1409 1292 1247 1155 1084 1008 1004 969 901 859 867 819 875 832 792 735 673 699 682 652 670 626 598 675 588 567 479 614 518 516 574 51462 26021 17139 13111 10351 8642 7080 6544 5697 4962 4735 4225 3944 3602 3252 3212 3100 2863 2774 2642 2490 2426 2143 2239 2179 2072 1975 1909 1808 1809 1676 1728 1758 1631 1640 1642 1584 1557 1566 1531 1508 1473 1437 1448 1496 1533 1646 1600 1500 118107 397407
SLiM_02_sum.txt_boot_097.txt 26020 12969 8409 6671 5303 4229 3635 3177 2834 2506 2173 2181 1961 1857 1615 1575 1535 1447 1419 1357 1245 1158 1106 965 1047 896 920 887 881 951 894 816 818 711 682 743 643 632 710 704 580 651 604 535 492 585 550 520 550 51716 26052 16978 12942 10511 8460 7026 6476 5742 5107 4786 4190 3803 3669 3457 3282 3097 2810 2716 2581 2511 2430 2154 2197 2171 2041 2056 2056 1853 1887 1664 1686 1690 1659 1586 1602 1495 1592 1569 1570 1426 1421 1407 1407 1467 1473 1546 1514 1534 117948 396929
SLiM_02_sum.txt_boot_098.txt 25768 13065 8438 6446 5290 4243 3671 3176 2800 2573 2240 2160 2018 1816 1678 1556 1465 1473 1314 1250 1185 1114 1137 983 1001 1025 936 902 857 877 821 789 762 781 761 710 637 649 669 619 640 659 580 581 554 572 590 513 584 51464 25715 17079 12994 10355 8586 7077 6391 5780 5145 4666 4198 3866 3537 3428 3269 3199 2876 2699 2698 2350 2429 2252 2250 2171 2079 2058 1948 1805 1874 1708 1709 1720 1663 1629 1568 1572 1544 1567 1461 1430 1367 1418 1426 1469 1580 1565 1572 1526 117636 397176
SLiM_02_sum.txt_boot_099.txt 26196 12950 8271 6404 5280 4198 3668 3244 2753 2467 2281 2130 1983 1829 1697 1596 1524 1484 1417 1247 1217 1144 1129 1004 996 1041 890 921 864 888 883 817 807 749 673 728 654 694 694 620 630 701 582 541 509 578 537 540 585 51613 26041 17228 13234 10313 8413 6969 6452 5777 5115 4685 4163 3907 3563 3263 3249 3103 2959 2787 2594 2195 2493 2115 2209 2167 2150 1955 1932 1850 1806 1706 1716 1667 1706 1669 1590 1521 1628 1575 1560 1455 1401 1369 1437 1464 1488 1603 1613 1492 117916 396951
SLiM_02_sum.txt_boot_100.txt 26062 12891 8440 6287 5263 4248 3655 3232 2776 2486 2238 2251 1976 1786 1634 1615 1503 1447 1381 1315 1267 1193 1141 1029 999 1055 903 912 863 841 862 805 786 735 646 692 709 628 717 615 553 669 583 580 531 590 522 510 552 51389 25851 17320 12825 10329 8460 6989 6501 5647 5135 4751 4230 3922 3548 3289 3198 3019 2946 2727 2538 2383 2369 2225 2154 2072 1950 1999 1893 1845 1803 1723 1761 1674 1646 1713 1528 1607 1581 1569 1492 1479 1455 1407 1454 1515 1545 1479 1518 1540 117509 395535
