scenario Pi.Syn1 Pi.Syn2 Pi.Syn3 Pi.Syn4 Pi.Syn5 Pi.Syn6 Pi.Syn7 Pi.Syn8 Pi.Syn9 Pi.Syn10 Pi.Syn11 Pi.Syn12 Pi.Syn13 Pi.Syn14 Pi.Syn15 Pi.Syn16 Pi.Syn17 Pi.Syn18 Pi.Syn19 Pi.Syn20 Pi.Syn21 Pi.Syn22 Pi.Syn23 Pi.Syn24 Pi.Syn25 Pi.Syn26 Pi.Syn27 Pi.Syn28 Pi.Syn29 Pi.Syn30 Pi.Syn31 Pi.Syn32 Pi.Syn33 Pi.Syn34 Pi.Syn35 Pi.Syn36 Pi.Syn37 Pi.Syn38 Pi.Syn39 Pi.Syn40 Pi.Syn41 Pi.Syn42 Pi.Syn43 Pi.Syn44 Pi.Syn45 Pi.Syn46 Pi.Syn47 Pi.Syn48 Pi.Syn49 Pi.NSyn1 Pi.NSyn2 Pi.NSyn3 Pi.NSyn4 Pi.NSyn5 Pi.NSyn6 Pi.NSyn7 Pi.NSyn8 Pi.NSyn9 Pi.NSyn10 Pi.NSyn11 Pi.NSyn12 Pi.NSyn13 Pi.NSyn14 Pi.NSyn15 Pi.NSyn16 Pi.NSyn17 Pi.NSyn18 Pi.NSyn19 Pi.NSyn20 Pi.NSyn21 Pi.NSyn22 Pi.NSyn23 Pi.NSyn24 Pi.NSyn25 Pi.NSyn26 Pi.NSyn27 Pi.NSyn28 Pi.NSyn29 Pi.NSyn30 Pi.NSyn31 Pi.NSyn32 Pi.NSyn33 Pi.NSyn34 Pi.NSyn35 Pi.NSyn36 Pi.NSyn37 Pi.NSyn38 Pi.NSyn39 Pi.NSyn40 Pi.NSyn41 Pi.NSyn42 Pi.NSyn43 Pi.NSyn44 Pi.NSyn45 Pi.NSyn46 Pi.NSyn47 Pi.NSyn48 Pi.NSyn49 Div.Syn Div.Nsyn
SLiM_0_sum.txt 26418 13178 8699 6497 5286 4382 3755 3295 2938 2661 2413 2277 1972 1869 1837 1647 1615 1473 1397 1294 1203 1195 1152 1117 1083 1001 1021 978 890 881 851 832 790 770 737 788 721 678 715 672 680 608 617 576 599 569 551 537 535 52638 26320 17435 13181 10564 8591 7418 6621 5976 5270 4853 4476 3991 3698 3584 3378 3042 2943 2757 2666 2549 2469 2285 2073 2097 2079 2026 1858 1808 1743 1664 1646 1562 1552 1517 1517 1511 1354 1400 1253 1257 1268 1233 1218 1136 1123 1091 1032 1041 117368 234975
SLiM_0_sum.txt_boot_001.txt 26486 13314 8819 6368 5237 4326 3769 3253 2995 2688 2431 2200 1946 1895 1876 1640 1647 1522 1388 1286 1167 1204 1194 1135 1076 974 1016 976 907 903 900 843 767 769 678 792 739 684 728 648 708 536 607 602 599 561 599 528 507 52888 26902 17458 13367 10566 8466 7471 6697 6020 5210 4914 4443 3863 3760 3618 3480 3099 2909 2786 2669 2595 2398 2260 2045 2062 2079 1999 1915 1791 1687 1624 1656 1564 1575 1533 1514 1469 1319 1358 1245 1240 1216 1226 1242 1163 1133 1066 1001 1043 117890 235170
SLiM_0_sum.txt_boot_002.txt 26312 12950 8783 6372 5261 4395 3783 3366 3000 2652 2419 2335 2001 1819 1836 1689 1601 1444 1384 1291 1239 1227 1158 1131 1084 1041 1018 954 856 865 895 865 758 763 744 822 761 703 685 653 657 620 608 622 605 529 536 498 533 52740 26130 17286 13355 10422 8621 7371 6630 5876 5161 4900 4443 4020 3720 3476 3371 3075 3001 2791 2615 2585 2511 2321 2052 2090 2078 2039 1822 1799 1778 1673 1703 1520 1605 1463 1567 1486 1313 1390 1217 1245 1208 1236 1177 1106 1154 1105 1044 1040 117589 235278
SLiM_0_sum.txt_boot_003.txt 26067 12958 8680 6479 5337 4342 3735 3293 2899 2746 2515 2260 1997 1776 1870 1702 1684 1492 1360 1340 1180 1198 1157 1069 1079 994 1010 972 838 887 830 915 792 728 707 787 711 637 646 696 676 644 592 578 598 583 504 543 533 52899 26476 17187 13315 10674 8742 7330 6762 6000 5283 4813 4543 3968 3660 3658 3454 3014 2908 2702 2699 2501 2441 2319 2066 2137 2106 2071 1832 1805 1720 1632 1643 1527 1537 1531 1502 1611 1372 1412 1291 1218 1246 1230 1227 1123 1111 1083 984 1034 117454 234875
SLiM_0_sum.txt_boot_004.txt 26717 13277 8655 6326 5283 4393 3894 3281 2964 2725 2414 2260 2005 1908 1792 1706 1594 1456 1422 1230 1204 1226 1081 1072 1058 1009 989 989 856 893 882 854 836 767 754 755 709 703 695 694 687 611 582 511 587 583 550 523 539 52567 26586 17504 13255 10788 8641 7186 6755 5936 5325 4881 4477 3955 3664 3570 3271 3060 2947 2851 2755 2592 2418 2382 2093 1979 2034 2088 1870 1824 1798 1653 1732 1558 1530 1509 1518 1417 1405 1348 1294 1219 1242 1188 1182 1135 1097 1157 1000 1031 117242 234525
SLiM_0_sum.txt_boot_005.txt 26465 13050 8736 6436 5292 4448 3812 3337 2989 2561 2425 2215 1951 1882 1823 1618 1593 1461 1415 1287 1150 1154 1136 1054 1074 998 1036 950 905 870 786 853 814 768 713 815 670 679 723 713 638 583 605 605 622 573 539 552 519 52732 26432 17149 13297 10633 8505 7353 6631 5921 5170 4795 4343 4051 3695 3599 3381 3122 2928 2759 2653 2581 2502 2320 2048 2142 2098 2075 1859 1775 1704 1666 1695 1556 1507 1484 1482 1512 1352 1458 1205 1263 1228 1191 1191 1130 1134 1104 1028 1023 117231 234822
SLiM_0_sum.txt_boot_006.txt 26422 13410 8641 6458 5153 4480 3768 3354 2975 2699 2406 2283 1973 1781 1879 1737 1651 1414 1431 1280 1234 1281 1155 1115 1097 1045 1007 1039 869 841 817 854 789 745 707 793 739 709 704 664 667 635 613 648 611 551 547 539 565 52710 26302 17366 12986 10566 8786 7383 6526 6041 5231 4985 4357 4074 3651 3658 3428 3014 2955 2765 2670 2574 2402 2286 2079 2146 2044 2067 1800 1794 1734 1662 1647 1515 1538 1543 1490 1468 1338 1373 1180 1243 1305 1225 1231 1114 1180 1105 1045 1055 117555 235033
SLiM_0_sum.txt_boot_007.txt 25924 13282 8739 6416 5241 4338 3818 3269 2924 2689 2423 2281 1943 1880 1917 1700 1575 1436 1385 1293 1179 1157 1162 1139 1058 1014 1048 1035 868 885 851 861 817 784 760 803 711 621 749 686 650 582 601 599 567 601 532 548 511 52469 26149 17442 13222 10602 8548 7496 6567 6014 5201 4792 4524 3924 3726 3535 3321 3107 3053 2768 2670 2466 2507 2240 2039 2039 2058 1931 1806 1822 1779 1696 1676 1471 1607 1483 1603 1457 1388 1379 1255 1236 1294 1245 1255 1136 1083 1110 1085 1082 117438 234954
SLiM_0_sum.txt_boot_008.txt 26625 13160 8618 6378 5273 4252 3895 3315 2919 2640 2396 2280 1995 1928 1898 1591 1565 1486 1361 1308 1148 1145 1176 1076 1055 1015 1013 963 845 902 909 850 809 785 754 780 724 612 762 670 672 640 611 600 590 530 532 527 485 53058 26178 17634 13278 10546 8489 7371 6630 5955 5173 4839 4520 3978 3595 3466 3373 3012 2912 2768 2683 2531 2386 2220 2044 2026 2028 2027 1738 1810 1727 1719 1636 1532 1509 1562 1566 1539 1359 1395 1241 1260 1295 1249 1199 1147 1160 1136 1048 1030 116926 234919
SLiM_0_sum.txt_boot_009.txt 26317 13121 8731 6447 5267 4444 3800 3336 2964 2597 2481 2341 2080 1896 1768 1638 1631 1443 1471 1284 1224 1215 1129 1081 1063 1006 1037 991 895 906 831 835 785 749 686 735 714 676 746 674 690 595 655 549 612 581 532 525 525 52736 26164 17254 13279 10731 8545 7372 6499 6009 5301 4889 4472 3911 3599 3503 3360 3094 2891 2799 2694 2596 2470 2263 2083 2087 2099 2073 1858 1732 1794 1667 1691 1690 1532 1496 1538 1529 1369 1384 1281 1240 1208 1173 1229 1078 1085 1127 1061 1007 117012 235125
SLiM_0_sum.txt_boot_010.txt 26308 13150 8577 6483 5204 4483 3880 3214 3000 2716 2359 2236 1936 1928 1835 1645 1619 1404 1380 1300 1192 1184 1182 1150 1073 989 983 979 845 879 863 803 766 755 766 705 720 645 677 651 629 595 629 532 620 572 583 542 558 52592 26381 17396 13210 10556 8640 7493 6692 5963 5300 4862 4509 3937 3655 3598 3373 3002 2912 2752 2742 2493 2421 2298 2031 2145 2142 2052 1829 1817 1820 1702 1694 1580 1476 1490 1532 1536 1314 1409 1269 1310 1254 1255 1271 1154 1148 1057 1051 1044 117729 234208
SLiM_0_sum.txt_boot_011.txt 26462 13180 8668 6510 5298 4356 3750 3310 2922 2577 2324 2301 1983 1909 1807 1646 1616 1445 1415 1303 1243 1185 1131 1064 1101 1035 985 957 865 875 888 840 816 772 711 814 776 719 708 679 687 621 619 558 685 607 538 529 554 52452 26288 17440 13222 10556 8503 7344 6617 5956 5309 4840 4577 3966 3734 3515 3402 3072 2826 2856 2639 2521 2425 2366 2087 2068 2045 2065 1783 1836 1806 1690 1659 1522 1559 1551 1478 1501 1346 1450 1263 1296 1292 1192 1198 1126 1122 1112 966 1035 117822 234839
SLiM_0_sum.txt_boot_012.txt 26637 13170 8658 6439 5424 4387 3651 3161 2868 2629 2418 2291 2004 1809 1820 1665 1671 1489 1370 1327 1145 1183 1152 1143 1080 959 949 935 910 845 858 794 823 784 727 772 787 700 727 622 728 592 647 585 626 625 532 564 542 52439 26377 17454 13132 10595 8646 7334 6591 5957 5397 4932 4596 3961 3734 3510 3341 2986 3039 2724 2615 2512 2424 2264 2170 2042 2104 2002 1915 1798 1756 1692 1658 1570 1581 1536 1561 1523 1309 1430 1273 1276 1290 1181 1218 1155 1063 1081 1014 1025 117178 234484
SLiM_0_sum.txt_boot_013.txt 26635 13083 8674 6622 5396 4435 3792 3350 2945 2675 2497 2227 1995 1906 1832 1683 1643 1415 1380 1287 1187 1135 1108 1072 1114 1016 1016 977 867 865 822 854 776 802 707 777 689 695 682 647 699 604 559 617 586 534 514 551 532 52442 25902 17514 12931 10688 8659 7419 6587 5812 5211 4870 4575 3953 3693 3591 3426 3050 3010 2753 2620 2491 2420 2294 2073 2093 2006 2026 1904 1784 1728 1659 1758 1629 1498 1528 1526 1543 1363 1387 1330 1238 1233 1275 1170 1138 1160 1030 1074 1017 117296 235784
SLiM_0_sum.txt_boot_014.txt 26543 13158 8633 6492 5292 4432 3863 3347 2925 2651 2349 2283 2064 1855 1864 1566 1601 1467 1343 1295 1241 1175 1149 1081 1040 1086 1063 963 914 870 844 834 828 766 731 834 680 684 713 664 636 651 607 581 589 562 541 570 524 52462 26214 17315 13059 10587 8675 7398 6749 6075 5311 4921 4435 3965 3614 3606 3291 3061 3005 2663 2630 2554 2542 2247 2051 2020 2078 2043 1871 1806 1778 1754 1635 1547 1520 1534 1498 1452 1415 1347 1293 1335 1286 1235 1159 1168 1093 1070 972 1072 117282 235175
SLiM_0_sum.txt_boot_015.txt 26390 13094 8638 6610 5243 4328 3805 3308 3034 2606 2491 2252 2020 1869 1808 1653 1639 1434 1437 1274 1263 1207 1107 1130 1089 1044 1004 923 885 907 810 754 837 775 747 785 754 720 742 686 657 590 622 606 569 566 530 528 508 52326 26259 17293 13176 10671 8542 7429 6656 5931 5346 4839 4533 4131 3687 3559 3370 3045 2879 2753 2647 2636 2464 2374 2162 2075 2070 2087 1858 1826 1744 1644 1671 1622 1578 1472 1498 1476 1373 1358 1312 1302 1299 1269 1223 1133 1118 1151 940 996 116696 235249
SLiM_0_sum.txt_boot_016.txt 26213 13081 8691 6494 5288 4521 3872 3275 2891 2615 2404 2226 1946 1862 1811 1664 1624 1398 1430 1327 1257 1260 1188 1153 1024 1039 1006 996 905 921 858 828 768 801 711 789 724 709 733 666 668 608 627 517 597 553 543 511 545 52495 26288 17711 12872 10713 8626 7623 6511 6122 5336 4877 4558 4030 3653 3629 3368 3065 2958 2767 2691 2492 2396 2328 2080 2089 2077 2009 1860 1792 1729 1600 1660 1485 1484 1548 1490 1525 1326 1408 1244 1252 1179 1266 1229 1112 1208 1085 1051 1071 117066 235078
SLiM_0_sum.txt_boot_017.txt 26212 13198 8715 6461 5256 4355 3755 3310 3051 2600 2362 2405 1957 1821 1853 1672 1586 1491 1436 1293 1164 1200 1129 1083 1124 1002 1023 975 892 923 862 842 788 807 751 775 726 724 746 634 684 648 652 564 567 529 563 549 522 52481 26112 17266 13161 10535 8541 7256 6604 6053 5327 4763 4437 4024 3684 3628 3474 3056 2967 2733 2738 2493 2442 2294 2055 2055 2015 2047 1709 1879 1678 1647 1635 1556 1525 1529 1544 1516 1343 1384 1255 1254 1289 1246 1194 1159 1201 1088 1025 1050 117069 234700
SLiM_0_sum.txt_boot_018.txt 26767 13312 8664 6554 5281 4509 3745 3292 2919 2643 2330 2230 1984 1850 1806 1634 1599 1416 1326 1317 1285 1208 1077 1074 1144 971 999 1022 860 849 871 837 776 715 751 777 723 683 731 630 680 626 645 583 549 558 568 532 540 52750 26230 17440 13239 10682 8433 7494 6663 5898 5066 4720 4499 4093 3658 3540 3410 2940 2954 2859 2700 2535 2554 2231 2057 2052 2018 1968 1932 1780 1732 1675 1644 1594 1563 1512 1507 1483 1339 1409 1307 1221 1246 1255 1250 1162 1122 1075 1055 1062 116692 235185
SLiM_0_sum.txt_boot_019.txt 26174 13182 8788 6616 5317 4411 3775 3265 2948 2718 2421 2267 1963 1950 1940 1695 1660 1522 1465 1256 1196 1218 1171 1150 1063 1012 1012 948 893 841 840 781 803 803 716 769 724 651 726 638 680 619 598 547 648 532 499 570 515 52797 26155 17407 13164 10546 8771 7515 6715 5808 5360 5000 4401 3970 3672 3496 3451 3032 2952 2723 2635 2431 2458 2289 2071 2090 2072 2047 1785 1818 1743 1645 1707 1618 1565 1578 1509 1530 1367 1431 1290 1300 1329 1251 1245 1173 1127 1079 1096 1091 116601 236037
SLiM_0_sum.txt_boot_020.txt 26384 13062 8669 6554 5134 4441 3738 3355 2965 2693 2352 2301 2001 1877 1794 1692 1574 1476 1444 1273 1109 1195 1158 1103 1050 1026 1014 1011 901 870 785 776 784 809 754 782 760 653 735 675 642 610 634 580 591 528 550 523 526 52479 26294 17364 13222 10442 8490 7411 6503 6054 5343 4954 4564 3923 3714 3545 3503 2932 3063 2739 2665 2553 2492 2369 2068 2009 2036 2151 1845 1771 1758 1659 1680 1514 1605 1542 1510 1503 1390 1386 1300 1235 1300 1237 1236 1121 1096 1046 979 1010 117554 234583
SLiM_0_sum.txt_boot_021.txt 26554 13184 8814 6441 5273 4450 3721 3295 2930 2557 2463 2215 1933 1797 1751 1643 1632 1481 1367 1313 1235 1215 1143 1076 1044 972 1016 964 870 893 892 824 816 723 755 821 675 670 721 679 689 603 626 574 590 630 569 558 532 52822 26323 17478 13188 10647 8617 7422 6717 6032 5309 4769 4376 3906 3773 3521 3361 3003 3060 2800 2661 2621 2547 2241 2068 2124 2138 2004 1855 1919 1734 1677 1641 1531 1576 1498 1487 1448 1403 1384 1227 1201 1312 1259 1190 1134 1103 1064 1065 1024 117055 234974
SLiM_0_sum.txt_boot_022.txt 26547 13549 8858 6513 5336 4516 3759 3308 2871 2597 2403 2233 2014 1935 1834 1629 1626 1511 1440 1310 1207 1143 1111 1120 1045 991 1061 957 852 884 843 825 755 770 691 795 709 652 771 708 709 595 609 534 625 525 520 561 542 52699 26270 17494 13262 10472 8505 7417 6576 5904 5378 4721 4524 3935 3786 3549 3362 2983 2892 2796 2618 2554 2529 2269 2047 2009 2125 2087 1831 1759 1683 1664 1660 1538 1567 1536 1538 1506 1338 1389 1229 1253 1276 1278 1239 1156 1114 1127 1037 1044 117580 234438
SLiM_0_sum.txt_boot_023.txt 26398 13128 8791 6677 5403 4340 3786 3260 2950 2621 2375 2302 2012 1910 1867 1669 1583 1519 1421 1213 1199 1144 1164 1161 1041 994 987 989 903 886 884 804 769 734 711 795 689 713 675 672 670 590 568 560 560 580 561 561 561 53251 26459 17576 13238 10494 8648 7494 6683 6098 5276 4865 4410 3944 3821 3615 3377 3001 2928 2752 2676 2629 2483 2316 2144 2170 2095 1971 1818 1765 1741 1615 1647 1626 1526 1496 1514 1500 1422 1410 1227 1290 1286 1195 1188 1134 1079 1055 1005 1029 117035 234767
SLiM_0_sum.txt_boot_024.txt 26462 13236 8669 6597 5274 4408 3791 3315 2979 2670 2391 2352 1938 1943 1783 1603 1670 1393 1358 1302 1255 1190 1128 1132 1116 1011 1006 987 869 892 812 854 785 727 740 769 730 701 730 710 699 603 625 576 647 560 558 558 582 52825 26269 17557 13038 10570 8666 7435 6715 6051 5236 4989 4465 3955 3657 3601 3367 3001 2999 2743 2671 2511 2512 2267 2064 2076 2135 2054 1810 1844 1746 1659 1608 1590 1504 1550 1462 1497 1414 1392 1228 1157 1239 1275 1237 1176 1187 1080 1002 1017 117471 234668
SLiM_0_sum.txt_boot_025.txt 26262 13166 8705 6419 5309 4375 3722 3354 2894 2745 2426 2264 1985 1871 1852 1579 1618 1495 1349 1327 1198 1208 1231 1154 1060 1004 1053 970 816 850 866 875 785 788 755 778 719 683 695 655 693 574 645 608 627 580 545 507 514 52316 26373 17593 13252 10547 8669 7458 6727 6040 5189 4856 4412 4054 3680 3565 3459 3076 2953 2776 2629 2536 2444 2264 2034 2107 2134 2031 1834 1857 1716 1684 1625 1518 1548 1504 1501 1537 1363 1399 1212 1187 1261 1219 1260 1112 1146 1094 1016 1081 117282 234867
SLiM_0_sum.txt_boot_026.txt 26824 13100 8805 6700 5236 4538 3724 3340 2914 2743 2383 2293 1929 1909 1828 1633 1634 1505 1401 1261 1203 1233 1127 1168 1032 942 1052 1048 874 840 870 818 772 768 739 772 740 716 666 662 667 593 639 575 605 552 551 555 551 52578 26325 17542 13159 10370 8513 7448 6680 6031 5204 4989 4445 4023 3683 3566 3358 2996 2907 2673 2724 2544 2484 2269 2106 2095 2074 2010 1796 1868 1674 1676 1631 1577 1558 1489 1508 1561 1398 1341 1242 1269 1306 1221 1238 1054 1140 1053 985 1086 117116 235552
SLiM_0_sum.txt_boot_027.txt 26363 13416 8713 6577 5221 4330 3831 3222 2954 2660 2480 2280 1946 1954 1842 1652 1586 1451 1369 1311 1246 1188 1149 1093 1069 977 1012 1000 895 836 856 783 818 761 713 811 701 703 743 664 676 621 648 540 602 549 546 547 519 52915 26462 17307 13289 10563 8363 7396 6487 5908 5360 4986 4525 4017 3700 3587 3347 3086 2834 2782 2597 2557 2496 2210 2007 2098 2078 2097 1922 1712 1725 1648 1709 1611 1540 1524 1543 1540 1419 1412 1255 1241 1332 1293 1145 1126 1077 1061 1061 1105 117401 235360
SLiM_0_sum.txt_boot_028.txt 26679 13107 8827 6483 5250 4357 3724 3181 2912 2665 2368 2274 2047 1944 1842 1626 1613 1454 1410 1347 1231 1249 1141 1090 1079 1005 1062 980 840 898 865 862 765 752 718 802 684 678 689 663 690 612 618 574 569 601 542 582 563 52571 26066 17541 13189 10578 8558 7466 6496 5953 5318 4788 4362 3917 3711 3568 3373 3109 2947 2755 2693 2610 2405 2270 1975 2099 2053 1996 1894 1829 1755 1604 1633 1560 1614 1480 1483 1502 1368 1443 1271 1285 1286 1227 1234 1152 1114 1143 1018 1046 117608 234371
SLiM_0_sum.txt_boot_029.txt 26292 13169 8662 6404 5302 4523 3759 3252 2874 2654 2499 2232 2056 1809 1857 1693 1580 1478 1392 1318 1175 1143 1118 1158 1080 974 983 983 897 919 871 876 797 725 750 809 747 726 697 667 691 615 619 587 627 548 556 545 533 52805 26157 17420 13204 10550 8620 7363 6594 5946 5233 4739 4394 4114 3733 3572 3373 3038 2880 2646 2628 2599 2482 2289 2056 2059 2118 2115 1892 1798 1819 1635 1693 1481 1504 1550 1473 1595 1348 1407 1267 1229 1317 1147 1163 1191 1128 1095 1007 1021 117348 235317
SLiM_0_sum.txt_boot_030.txt 26746 13195 8894 6609 5306 4478 3744 3352 2923 2649 2463 2323 1963 1917 1800 1611 1602 1496 1359 1267 1224 1248 1160 1121 1080 985 987 944 859 892 816 806 740 773 767 813 697 654 730 671 703 627 623 616 597 587 572 560 547 53051 26391 17463 13209 10521 8501 7520 6694 5904 5154 4879 4387 4023 3725 3498 3314 2985 2940 2762 2747 2563 2442 2326 2053 2059 2079 2029 1862 1758 1719 1647 1619 1523 1555 1586 1506 1562 1397 1402 1230 1252 1290 1179 1161 1105 1085 1146 993 1050 116833 234067
SLiM_0_sum.txt_boot_031.txt 26160 13237 8857 6616 5167 4316 3721 3285 2914 2676 2388 2228 1942 1888 1784 1590 1606 1444 1392 1309 1220 1133 1149 1121 1029 1006 1059 934 837 844 894 814 739 805 751 739 707 668 681 662 714 590 560 583 579 584 558 519 540 53100 26450 17503 13221 10498 8579 7483 6645 5970 5207 4769 4430 4091 3805 3639 3305 3027 2949 2676 2707 2562 2432 2281 2049 2092 2080 2026 1854 1749 1739 1662 1598 1578 1544 1583 1442 1489 1379 1429 1228 1238 1306 1223 1219 1096 1103 1122 1035 1022 116605 235801
SLiM_0_sum.txt_boot_032.txt 26432 13210 8661 6575 5326 4373 3716 3326 2963 2625 2337 2251 1972 1790 1864 1658 1551 1491 1360 1331 1267 1178 1133 1125 1132 1043 1084 988 877 876 824 840 835 770 721 788 716 674 711 659 678 630 638 540 618 597 506 566 506 52704 26236 17133 13119 10519 8640 7563 6735 5902 5176 4796 4548 3934 3689 3573 3383 3160 2921 2668 2612 2503 2467 2199 2135 2134 2120 2017 1831 1756 1769 1643 1664 1542 1599 1485 1477 1530 1346 1373 1247 1277 1254 1215 1154 1140 1149 1036 982 1004 117455 235778
SLiM_0_sum.txt_boot_033.txt 26531 13476 8836 6529 5301 4321 3789 3340 2896 2773 2449 2319 1908 1880 1834 1658 1525 1486 1324 1305 1266 1229 1232 1028 1080 1007 1002 983 902 871 892 895 754 769 744 752 751 698 706 701 656 615 601 577 615 576 567 529 569 52849 26091 17406 13133 10403 8584 7411 6687 5940 5237 4779 4501 4027 3678 3710 3355 3117 2971 2847 2587 2528 2453 2335 1992 2117 2040 2088 1883 1743 1744 1628 1669 1544 1491 1518 1463 1473 1367 1384 1175 1258 1230 1249 1246 1088 1126 1101 1010 1065 117408 234568
SLiM_0_sum.txt_boot_034.txt 26408 13110 8716 6639 5300 4276 3823 3245 2954 2742 2403 2274 1952 1937 1919 1616 1582 1464 1370 1310 1180 1218 1165 1172 1125 983 1050 1059 904 883 893 840 819 759 762 831 758 698 687 599 700 577 631 578 614 555 554 500 505 52228 26504 17377 13148 10604 8575 7378 6664 5980 5187 4803 4507 3955 3692 3565 3448 2987 2896 2745 2687 2586 2483 2299 2035 2132 2059 2020 1894 1837 1746 1732 1656 1610 1530 1555 1487 1447 1263 1400 1222 1281 1295 1204 1231 1113 1092 1082 1064 1112 117302 234678
SLiM_0_sum.txt_boot_035.txt 26301 13262 8748 6516 5337 4356 3712 3364 3005 2710 2426 2257 2011 1832 1832 1595 1688 1395 1409 1283 1250 1237 1190 1111 1070 991 1031 957 878 875 860 835 794 748 766 822 694 761 720 711 670 607 629 598 566 573 531 556 521 53060 26421 17508 13133 10556 8478 7388 6470 5847 5311 4902 4448 4002 3716 3657 3390 3030 2827 2734 2580 2540 2395 2313 2015 2153 2075 2008 1870 1790 1754 1675 1623 1466 1606 1542 1581 1483 1362 1407 1297 1219 1215 1250 1228 1145 1138 1090 1003 1073 117549 234207
SLiM_0_sum.txt_boot_036.txt 26472 13069 8709 6423 5316 4466 3841 3247 2965 2655 2421 2224 2015 1851 1866 1593 1584 1461 1353 1254 1193 1162 1115 1146 1066 1029 1031 992 829 892 853 791 796 741 719 784 721 675 693 674 679 627 599 582 596 534 560 563 567 52502 26537 17220 13336 10600 8715 7407 6704 5874 5337 4799 4488 3950 3673 3557 3404 3110 2942 2659 2730 2527 2566 2223 2071 2058 2101 2088 1887 1841 1719 1674 1668 1498 1472 1535 1567 1572 1425 1414 1260 1255 1309 1208 1195 1165 1126 1067 970 1044 117148 235764
SLiM_0_sum.txt_boot_037.txt 26328 13170 8519 6512 5390 4349 3767 3320 2959 2770 2345 2282 1995 1854 1865 1639 1606 1444 1365 1338 1184 1249 1137 1113 1073 1019 1018 953 882 919 891 816 784 778 722 825 689 659 712 695 699 577 641 593 574 587 533 525 527 52780 26486 17256 13135 10398 8674 7360 6640 5972 5164 4904 4582 4012 3569 3558 3283 3110 2913 2658 2719 2559 2440 2271 2024 2086 2111 1971 1919 1757 1792 1696 1575 1490 1581 1525 1532 1476 1369 1445 1293 1286 1270 1179 1233 1110 1153 1097 1040 1044 117936 235182
SLiM_0_sum.txt_boot_038.txt 26364 13302 8721 6486 5211 4362 3827 3304 2902 2611 2464 2333 1992 1841 1798 1636 1608 1458 1429 1267 1219 1243 1101 1143 1101 976 1082 1056 896 857 879 854 852 775 713 780 733 691 689 679 670 658 597 570 626 562 562 564 528 52568 26487 17370 13187 10576 8532 7406 6504 5828 5302 4800 4618 4036 3818 3574 3411 3002 3008 2757 2723 2547 2451 2291 2061 2059 2130 2006 1811 1803 1731 1646 1612 1617 1510 1528 1510 1533 1364 1462 1280 1223 1288 1253 1214 1124 1124 1136 1043 1065 117538 235087
SLiM_0_sum.txt_boot_039.txt 26317 13191 8777 6441 5223 4368 3870 3308 2956 2727 2374 2292 1955 1923 1838 1647 1583 1413 1401 1262 1224 1246 1188 1088 1052 1006 1013 1005 864 857 858 874 825 785 749 826 764 670 757 688 659 579 587 575 636 583 553 542 528 52742 26261 17554 13417 10530 8623 7466 6657 5959 5215 4828 4566 4026 3643 3640 3300 2986 2980 2818 2684 2539 2471 2314 2006 2023 2062 2034 1869 1832 1735 1608 1631 1608 1520 1445 1497 1474 1368 1356 1225 1202 1348 1230 1280 1131 1078 1102 1035 1047 117318 234973
SLiM_0_sum.txt_boot_040.txt 26430 13212 8755 6509 5268 4367 3711 3303 2928 2661 2375 2198 1973 1892 1774 1642 1614 1514 1427 1352 1170 1261 1091 1160 1085 1004 987 999 821 807 888 820 801 722 713 793 710 675 687 629 698 640 587 602 560 571 568 589 518 52676 26253 17435 13292 10495 8630 7371 6656 6014 5193 4860 4507 3959 3685 3545 3380 2991 2869 2814 2668 2561 2497 2371 2098 2128 2056 1977 1777 1828 1724 1701 1651 1555 1599 1548 1517 1509 1357 1438 1226 1251 1280 1283 1193 1124 1105 1074 969 1021 118031 234984
SLiM_0_sum.txt_boot_041.txt 26532 13178 8758 6563 5388 4344 3783 3366 2902 2550 2318 2192 1923 1864 1929 1664 1618 1437 1354 1295 1170 1209 1118 1083 1045 1010 1030 984 856 883 873 859 789 731 728 776 652 673 725 678 698 597 611 610 609 554 558 547 549 52868 26386 17243 13004 10729 8580 7395 6577 5860 5269 4877 4533 4005 3628 3593 3465 3094 2925 2780 2740 2497 2393 2274 2042 2044 2088 2062 1825 1860 1756 1635 1614 1507 1517 1481 1565 1532 1380 1388 1256 1226 1310 1234 1231 1141 1154 1120 987 1063 117340 234416
SLiM_0_sum.txt_boot_042.txt 26258 13284 8823 6442 5259 4424 3737 3307 2961 2755 2398 2202 1960 1815 1735 1665 1636 1522 1467 1297 1177 1131 1125 1104 1094 1002 991 978 850 884 849 867 787 759 719 838 717 698 680 664 684 588 609 567 657 569 596 541 488 52897 26415 17394 13338 10558 8714 7498 6722 5915 5246 4718 4567 4078 3719 3527 3349 3143 2928 2763 2659 2534 2463 2331 2040 2071 2075 2045 1859 1793 1738 1610 1684 1560 1593 1524 1485 1511 1334 1380 1216 1250 1324 1258 1200 1160 1174 1055 1027 1070 117032 235081
SLiM_0_sum.txt_boot_043.txt 26513 13142 8527 6462 5249 4414 3686 3311 2903 2689 2395 2266 1962 1880 1882 1701 1573 1515 1414 1309 1225 1281 1173 1089 1050 1070 1074 957 862 887 874 831 820 749 753 821 730 677 744 643 651 634 592 579 585 547 569 553 575 52951 26019 17365 13173 10642 8658 7353 6816 6012 5255 4813 4429 4020 3616 3534 3278 3011 2913 2735 2697 2603 2440 2322 2078 2096 2130 2002 1875 1834 1793 1724 1622 1534 1539 1479 1586 1560 1383 1436 1314 1216 1261 1235 1167 1158 1170 1097 1035 1068 117374 234667
SLiM_0_sum.txt_boot_044.txt 26393 13192 8594 6484 5416 4292 3829 3305 2968 2639 2465 2244 1960 1848 1820 1654 1601 1503 1388 1280 1215 1165 1181 1103 1087 1034 1055 1013 876 887 805 843 795 793 713 789 723 668 743 686 684 666 584 579 638 555 533 536 531 52740 26293 17482 13115 10484 8397 7517 6531 6138 5198 4786 4472 4003 3761 3600 3400 3072 2977 2725 2797 2538 2518 2317 2116 2140 2060 1972 1893 1743 1763 1712 1585 1577 1565 1493 1477 1477 1336 1364 1319 1284 1305 1170 1235 1133 1124 1082 966 1041 117482 235117
SLiM_0_sum.txt_boot_045.txt 26585 13237 8753 6427 5306 4583 3723 3369 2973 2683 2305 2269 1956 1815 1879 1693 1667 1482 1440 1209 1228 1275 1124 1139 1074 947 1070 981 889 901 914 891 764 805 705 778 694 699 728 712 663 583 615 615 582 538 578 516 532 52886 26110 17559 13328 10674 8694 7519 6579 5886 5379 4892 4531 3912 3682 3626 3386 2996 2922 2749 2675 2585 2482 2259 1965 2154 2090 2047 1865 1778 1749 1677 1671 1591 1505 1539 1486 1515 1369 1344 1329 1297 1371 1238 1215 1138 1119 1024 1014 1068 117409 234906
SLiM_0_sum.txt_boot_046.txt 26433 13127 8845 6300 5161 4366 3727 3365 2949 2666 2417 2289 1886 1849 1854 1654 1618 1423 1424 1285 1216 1152 1125 1143 1129 995 1032 965 907 901 925 826 756 791 729 817 702 654 723 652 631 620 644 522 575 582 542 555 554 52783 26408 17332 13372 10601 8616 7492 6669 6087 5266 4908 4545 4020 3805 3482 3462 2989 2921 2739 2649 2486 2499 2277 2112 2113 2055 2048 1906 1781 1736 1685 1677 1582 1576 1558 1565 1500 1417 1322 1255 1249 1256 1202 1296 1093 1124 1059 1029 1010 117470 234664
SLiM_0_sum.txt_boot_047.txt 26319 13241 8809 6415 5297 4420 3778 3237 3009 2698 2384 2148 2063 1841 1834 1644 1620 1475 1404 1238 1254 1198 1195 1095 1058 1017 980 952 882 830 822 827 765 765 720 823 721 665 703 682 627 594 619 587 640 594 529 530 567 52341 26090 17574 13115 10576 8514 7488 6506 5950 5348 4726 4558 3972 3677 3529 3377 3046 2920 2751 2633 2525 2368 2269 2043 2104 2163 2043 1839 1820 1742 1580 1653 1540 1534 1494 1464 1575 1347 1415 1320 1212 1263 1233 1244 1115 1161 1120 1055 1007 116628 234112
SLiM_0_sum.txt_boot_048.txt 26465 13117 8785 6485 5421 4362 3725 3381 2911 2650 2437 2280 1941 1860 1853 1733 1641 1437 1421 1253 1152 1212 1164 1127 1042 1057 969 986 882 894 859 793 768 779 708 743 713 665 750 633 710 618 622 588 570 542 546 508 562 53099 26557 17311 13041 10492 8669 7349 6570 6000 5189 4897 4551 3904 3703 3596 3303 3007 2916 2764 2608 2497 2455 2242 2121 2101 2045 2051 1882 1792 1749 1609 1624 1568 1581 1536 1535 1557 1384 1432 1272 1308 1245 1313 1160 1153 1165 1114 1023 1065 117240 235021
SLiM_0_sum.txt_boot_049.txt 26339 12903 8912 6580 5312 4363 3830 3277 2975 2743 2409 2238 1867 1871 1851 1650 1590 1482 1382 1346 1232 1161 1132 1141 1111 937 974 972 945 952 893 858 800 774 721 791 719 687 698 697 658 590 659 586 595 573 562 528 559 52801 26268 17224 13281 10376 8575 7559 6605 5953 5261 4789 4461 4027 3716 3606 3494 3062 2942 2754 2689 2601 2493 2284 2056 2116 2014 1995 1808 1779 1810 1653 1754 1551 1575 1564 1526 1534 1328 1358 1193 1229 1275 1277 1199 1145 1120 1168 1007 1068 117024 234714
SLiM_0_sum.txt_boot_050.txt 26113 13347 8713 6555 5205 4351 3802 3302 2903 2598 2380 2318 2033 1928 1823 1761 1618 1514 1389 1289 1147 1156 1139 1075 1101 1033 1002 954 906 896 840 818 811 741 722 791 726 676 755 668 695 624 619 604 588 579 561 500 524 52501 26538 17054 13285 10487 8621 7353 6656 5929 5254 4828 4476 3821 3748 3513 3460 3076 3030 2768 2662 2613 2461 2307 2072 2025 2000 2004 1891 1861 1725 1600 1637 1633 1534 1525 1580 1489 1307 1397 1244 1242 1274 1229 1178 1158 1129 1077 1079 1031 118017 234931
SLiM_0_sum.txt_boot_051.txt 26226 13223 8586 6585 5245 4462 3801 3315 3066 2665 2463 2312 1949 1861 1809 1626 1577 1508 1330 1255 1182 1193 1188 1131 1076 993 1012 978 877 836 847 879 783 741 714 754 711 635 693 673 696 573 628 565 579 560 572 558 563 52867 26353 17521 13187 10634 8464 7440 6560 5926 5282 4973 4530 4016 3726 3633 3367 2991 2919 2755 2657 2515 2425 2300 2211 2135 2043 2052 1918 1928 1762 1632 1700 1510 1538 1388 1457 1525 1278 1378 1243 1336 1316 1209 1250 1108 1132 1093 1026 1002 116883 234222
SLiM_0_sum.txt_boot_052.txt 26368 13037 8808 6495 5202 4349 3731 3199 3014 2616 2481 2365 1920 1870 1815 1648 1642 1431 1399 1300 1130 1239 1230 1072 1079 993 1043 966 906 908 855 800 782 794 698 779 651 666 736 710 663 590 611 546 617 546 564 539 544 52769 26456 17453 13317 10564 8599 7241 6417 5926 5217 4887 4453 3975 3656 3565 3392 3056 2911 2871 2718 2622 2626 2222 2091 2107 2069 1997 1925 1757 1778 1745 1669 1478 1554 1495 1556 1534 1412 1352 1294 1259 1282 1190 1217 1107 1150 1086 1077 1071 118177 235264
SLiM_0_sum.txt_boot_053.txt 26516 13104 8756 6636 5274 4492 3683 3308 2834 2645 2415 2313 1914 1861 1833 1688 1614 1457 1394 1239 1237 1159 1173 1204 1157 1008 979 945 921 856 846 832 797 749 761 806 754 693 742 680 659 636 657 572 588 602 574 553 522 52608 26347 17313 13037 10481 8659 7490 6501 6057 5248 4748 4488 4069 3750 3623 3357 3125 2956 2779 2684 2436 2470 2257 1997 2053 2045 1955 1864 1852 1736 1698 1697 1537 1573 1499 1497 1497 1357 1489 1223 1233 1249 1184 1217 1170 1165 1121 1018 1049 117402 236018
SLiM_0_sum.txt_boot_054.txt 26477 13094 8760 6445 5250 4402 3676 3263 2970 2703 2389 2298 2057 1908 1788 1637 1585 1402 1420 1257 1208 1186 1168 1130 1098 1027 1016 983 855 859 836 865 770 751 757 815 739 701 698 689 686 614 631 582 582 530 554 489 540 52766 26338 17464 13205 10465 8560 7490 6601 6074 5279 4812 4551 4023 3679 3476 3361 3100 2941 2852 2620 2583 2433 2254 2034 2059 2128 2021 1912 1830 1688 1628 1556 1575 1613 1503 1505 1500 1306 1421 1257 1234 1294 1204 1182 1072 1090 1133 1035 1082 117021 234556
SLiM_0_sum.txt_boot_055.txt 26254 13085 8743 6539 5320 4326 3704 3272 2966 2745 2426 2296 1917 1889 1908 1653 1587 1482 1395 1368 1179 1195 1169 1110 1081 1026 1024 937 888 940 847 846 750 758 760 783 705 652 785 672 697 597 619 557 631 555 587 566 531 52710 26041 17329 13199 10498 8622 7438 6635 5965 5186 4806 4453 4011 3784 3561 3424 3091 2923 2810 2706 2599 2486 2376 2135 2104 2078 2031 1871 1771 1793 1705 1657 1594 1570 1499 1509 1576 1326 1369 1284 1325 1253 1208 1235 1143 1135 1089 1015 1054 117842 235066
SLiM_0_sum.txt_boot_056.txt 26473 13315 8711 6549 5369 4381 3685 3283 2986 2641 2378 2321 1958 1772 1897 1608 1564 1505 1391 1295 1253 1168 1152 1170 1064 1006 1021 988 882 878 895 903 820 797 720 804 716 684 712 658 647 639 636 555 574 565 548 531 533 52578 26075 17656 13155 10604 8737 7430 6682 5990 5206 4812 4457 3893 3681 3563 3340 2936 2947 2750 2680 2547 2428 2282 2090 2098 2058 2046 1796 1857 1773 1624 1643 1450 1555 1517 1498 1457 1372 1453 1237 1223 1279 1253 1242 1112 1146 1036 1025 1036 117138 235116
SLiM_0_sum.txt_boot_057.txt 26560 13188 8777 6456 5383 4416 3807 3246 2940 2634 2325 2275 1959 1782 1904 1699 1682 1499 1461 1319 1133 1181 1151 1069 1092 1051 1079 1025 870 869 852 765 801 758 738 767 733 668 700 700 673 603 608 633 633 557 546 536 525 52824 26124 17703 13083 10466 8500 7592 6506 6027 5400 4816 4513 3984 3638 3531 3414 2983 2989 2706 2757 2505 2456 2364 2127 2061 2047 2029 1827 1819 1678 1640 1663 1511 1502 1504 1555 1505 1381 1342 1254 1230 1275 1253 1194 1138 1091 1077 1022 1035 117679 235356
SLiM_0_sum.txt_boot_058.txt 26084 13165 8798 6276 5270 4371 3704 3284 2946 2697 2469 2256 1854 1801 1847 1696 1624 1467 1446 1346 1205 1171 1145 1163 1039 973 1014 970 892 927 859 838 788 795 762 753 730 675 716 678 730 612 654 549 603 585 518 528 533 52272 26485 17385 13142 10449 8487 7343 6598 5946 5281 4859 4455 3988 3646 3592 3243 2998 3033 2835 2653 2536 2443 2222 2129 2103 2137 2058 1857 1823 1810 1719 1590 1609 1586 1517 1531 1556 1305 1366 1239 1326 1326 1191 1194 1148 1184 1063 1066 1016 117629 235079
SLiM_0_sum.txt_boot_059.txt 26475 13288 8702 6493 5364 4373 3706 3184 2895 2576 2406 2214 2018 1859 1854 1703 1584 1492 1399 1351 1213 1179 1160 1098 1057 982 1062 961 896 888 902 813 768 819 770 772 694 695 712 699 691 605 585 591 604 532 550 547 541 52148 26298 17401 13179 10447 8454 7275 6474 6030 5249 4844 4463 3985 3654 3620 3336 3050 2992 2764 2685 2676 2410 2268 2046 2123 2099 2023 1889 1822 1789 1653 1671 1625 1580 1498 1531 1393 1355 1459 1205 1268 1252 1173 1213 1116 1174 1033 1027 1049 116906 235828
SLiM_0_sum.txt_boot_060.txt 26306 13347 8818 6494 5248 4339 3759 3340 2983 2676 2389 2310 1986 1816 1807 1583 1560 1504 1412 1253 1122 1206 1159 1136 1084 1017 1021 935 909 912 856 880 772 732 749 814 733 658 712 658 666 601 626 633 586 599 549 522 542 52731 26298 17480 13165 10494 8736 7329 6662 5882 5217 4928 4492 4046 3698 3491 3346 3014 3006 2684 2747 2477 2451 2282 2051 2190 2120 2055 1834 1771 1763 1660 1639 1526 1634 1476 1487 1504 1385 1327 1215 1267 1287 1235 1177 1094 1107 1082 1058 1035 117326 235145
SLiM_0_sum.txt_boot_061.txt 26071 13184 8730 6389 5193 4346 3741 3267 2881 2574 2399 2260 2024 1922 1837 1684 1698 1523 1448 1313 1174 1163 1087 1089 1120 1039 1075 973 915 935 868 803 828 801 706 747 753 693 730 689 680 567 633 594 633 594 531 557 526 52381 26269 17574 13114 10481 8457 7374 6676 6025 5250 4876 4428 3952 3718 3749 3363 3092 2891 2746 2546 2588 2460 2293 2036 2106 2135 1991 1844 1795 1787 1687 1590 1610 1633 1547 1482 1483 1370 1389 1300 1262 1251 1215 1204 1111 1158 1127 1040 1002 117280 235640
SLiM_0_sum.txt_boot_062.txt 26465 13172 8694 6511 5282 4410 3770 3335 3011 2734 2465 2253 2026 1885 1936 1681 1643 1425 1366 1281 1216 1160 1158 1159 1078 973 1059 929 897 885 819 840 826 728 710 793 705 689 725 650 676 594 640 624 616 559 504 536 542 52458 26087 17502 13080 10255 8605 7361 6772 6081 5415 4814 4374 4033 3552 3536 3389 3036 2980 2728 2753 2631 2466 2262 2058 2166 2040 2053 1884 1751 1777 1636 1630 1634 1565 1562 1516 1469 1337 1393 1270 1265 1319 1231 1241 1137 1129 1066 1048 1107 116943 236244
SLiM_0_sum.txt_boot_063.txt 26461 12861 8792 6543 5280 4393 3763 3338 2901 2604 2488 2339 1910 1872 1828 1569 1682 1450 1407 1205 1232 1219 1189 1099 1089 1051 1021 994 849 875 775 845 783 752 712 817 715 650 724 706 689 629 608 619 608 521 501 524 565 52829 26185 17435 13373 10456 8706 7268 6597 6024 5415 4898 4340 4027 3771 3714 3363 3035 2930 2841 2734 2635 2485 2260 2117 2126 2084 1993 1914 1818 1705 1683 1624 1578 1595 1502 1563 1549 1396 1416 1288 1235 1273 1284 1193 1152 1107 1121 994 1058 117352 234973
SLiM_0_sum.txt_boot_064.txt 26506 13104 8719 6574 5253 4313 3871 3290 2908 2751 2482 2293 1958 1815 1891 1623 1624 1489 1434 1323 1231 1215 1133 1147 1036 1006 987 981 873 881 866 856 779 798 743 772 691 709 688 683 681 591 605 594 641 611 522 531 533 52284 26584 17661 13220 10891 8631 7590 6587 5815 5329 4790 4516 3910 3760 3638 3451 3038 2891 2698 2582 2475 2527 2279 2053 2144 2027 1987 1842 1823 1737 1638 1614 1539 1566 1533 1481 1489 1396 1391 1232 1253 1268 1280 1182 1171 1115 1093 981 1062 116867 234888
SLiM_0_sum.txt_boot_065.txt 26256 13104 8873 6552 5318 4423 3659 3254 2981 2667 2462 2300 1974 1803 1850 1649 1647 1517 1390 1285 1208 1207 1198 1096 1081 999 1039 967 921 862 840 803 754 743 768 816 750 677 672 720 679 597 636 570 595 552 583 501 537 52704 26366 17108 13214 10625 8436 7427 6391 6066 5387 4797 4540 4071 3676 3590 3431 3000 2959 2838 2641 2433 2443 2263 2018 2082 2159 1937 1845 1777 1725 1680 1651 1588 1526 1554 1526 1531 1380 1381 1234 1295 1278 1203 1169 1130 1095 1040 1011 1012 117153 235772
SLiM_0_sum.txt_boot_066.txt 26308 13075 8721 6605 5216 4347 3834 3333 2918 2669 2269 2209 1995 1789 1887 1653 1676 1520 1387 1256 1262 1187 1089 1119 1103 1091 957 959 905 905 863 833 793 771 725 812 735 639 702 662 711 627 584 618 609 564 561 524 522 52426 26252 17362 13054 10687 8449 7373 6692 5969 5206 4808 4453 3965 3736 3583 3205 3182 2950 2895 2606 2577 2490 2335 2002 2159 2078 1959 1880 1815 1715 1637 1656 1562 1564 1528 1557 1529 1379 1496 1243 1234 1330 1174 1167 1199 1141 1060 1046 1040 117339 234936
SLiM_0_sum.txt_boot_067.txt 26374 13247 8571 6441 5303 4403 3843 3266 2905 2681 2497 2234 2029 1885 1881 1605 1675 1504 1390 1291 1151 1146 1116 1129 1026 973 1051 965 847 883 894 825 766 784 753 773 725 681 675 646 646 636 660 532 592 548 539 552 528 52610 25919 17563 13203 10564 8490 7259 6506 5854 5255 4772 4525 3985 3703 3529 3350 2960 2929 2699 2593 2552 2533 2319 2135 2095 2144 2035 1814 1813 1776 1589 1632 1456 1559 1526 1494 1477 1360 1462 1234 1365 1276 1237 1138 1042 1121 1139 1063 1023 117231 234600
SLiM_0_sum.txt_boot_068.txt 26603 13092 8677 6551 5094 4440 3711 3379 3033 2640 2401 2243 1941 1878 1857 1691 1649 1458 1412 1277 1187 1203 1109 1153 1063 1025 1084 937 880 854 832 830 753 745 685 781 766 664 729 669 682 611 599 609 578 607 581 551 545 52483 26461 17596 13208 10480 8551 7297 6757 5972 5112 4883 4462 3861 3665 3587 3440 3056 3000 2740 2685 2541 2429 2277 2127 2099 2163 2083 1834 1853 1763 1701 1674 1525 1502 1577 1536 1492 1367 1386 1261 1224 1283 1269 1150 1122 1118 1087 1029 1029 116935 234631
SLiM_0_sum.txt_boot_069.txt 26318 13145 8650 6529 5306 4335 3672 3426 2999 2656 2432 2239 1864 1837 1872 1631 1626 1446 1417 1303 1189 1163 1166 1147 1076 1039 1027 1006 883 858 812 806 804 796 739 862 713 685 678 673 638 559 630 604 620 589 557 530 585 52442 26677 17086 13154 10584 8607 7439 6517 5984 5337 4925 4523 3924 3685 3574 3382 3066 2823 2732 2710 2555 2428 2329 2086 2182 2061 2040 1819 1812 1727 1660 1543 1514 1525 1593 1532 1524 1429 1364 1256 1269 1264 1249 1283 1122 1141 1095 1084 1039 117721 234640
SLiM_0_sum.txt_boot_070.txt 26300 13182 8721 6502 5221 4274 3696 3143 2943 2631 2439 2199 1927 1894 1855 1687 1637 1477 1456 1219 1214 1185 1092 1059 1132 1010 997 967 867 878 848 840 793 802 749 816 709 636 725 689 687 568 634 595 600 569 549 527 569 52620 26468 17434 13188 10462 8536 7449 6663 5976 5175 4725 4416 4079 3798 3611 3400 3086 2933 2716 2746 2495 2462 2220 2113 2104 2195 2031 1914 1841 1729 1712 1725 1571 1624 1515 1491 1441 1403 1421 1213 1309 1300 1194 1241 1116 1166 1143 1036 1040 117421 234686
SLiM_0_sum.txt_boot_071.txt 26386 13056 8661 6436 5305 4389 3762 3236 2974 2597 2457 2223 2007 1923 1773 1653 1728 1487 1382 1238 1242 1221 1161 1169 1090 1008 997 939 845 875 825 832 793 760 715 794 718 653 738 661 659 623 605 578 584 562 534 525 545 52814 26156 17502 13248 10376 8633 7467 6497 5968 5368 4855 4553 3999 3746 3550 3404 2973 2957 2732 2652 2532 2519 2265 2123 2091 2084 2031 1867 1785 1757 1669 1646 1543 1519 1522 1524 1521 1344 1387 1242 1266 1206 1210 1213 1137 1098 1108 1013 1017 117020 234779
SLiM_0_sum.txt_boot_072.txt 26420 12936 8794 6527 5279 4330 3810 3313 2890 2697 2359 2287 1918 1916 1838 1616 1658 1476 1452 1304 1171 1256 1119 1123 1122 959 1011 954 894 903 871 770 785 776 743 810 742 702 750 656 655 554 587 604 625 565 542 529 557 52378 26374 17641 13281 10602 8551 7560 6796 5980 5254 4804 4438 3973 3675 3565 3354 3041 2977 2759 2596 2490 2544 2293 2094 2074 1992 1947 1911 1809 1760 1621 1681 1545 1521 1504 1492 1458 1330 1495 1277 1206 1246 1292 1220 1164 1131 1066 1026 1005 117549 234288
SLiM_0_sum.txt_boot_073.txt 26170 13151 8751 6503 5460 4375 3711 3357 3027 2676 2416 2275 1911 1891 1855 1716 1526 1477 1439 1271 1153 1166 1180 1130 1126 992 1079 1045 850 860 857 831 767 731 759 784 731 678 673 694 666 562 651 576 565 550 577 541 505 52615 26254 17726 13172 10640 8652 7611 6727 6130 5275 4794 4404 4085 3731 3574 3403 3078 2869 2649 2714 2541 2385 2286 2017 2100 2079 2012 1922 1816 1731 1742 1626 1574 1532 1524 1459 1523 1405 1373 1205 1234 1273 1240 1226 1100 1069 1182 998 1026 117717 234862
SLiM_0_sum.txt_boot_074.txt 26409 13103 8625 6723 5267 4394 3819 3299 2899 2575 2433 2312 1961 1836 1811 1675 1605 1461 1409 1290 1171 1231 1162 1113 1062 970 1061 982 855 850 870 838 793 766 731 793 711 695 704 702 671 613 661 627 591 512 581 557 535 52672 26375 17399 13038 10617 8662 7573 6559 5968 5284 4996 4497 4192 3775 3599 3343 3078 2925 2666 2606 2495 2429 2308 2086 2124 2061 2003 1927 1785 1719 1716 1704 1675 1483 1538 1557 1475 1329 1349 1329 1308 1286 1208 1232 1099 1137 1074 1016 1025 117188 234852
SLiM_0_sum.txt_boot_075.txt 26385 12978 8763 6389 5435 4392 3662 3284 2885 2578 2349 2253 1941 1934 1881 1622 1642 1540 1391 1265 1168 1259 1161 1134 1046 959 1027 1063 860 897 846 818 812 776 738 791 732 659 680 655 677 591 612 543 589 570 596 501 535 52719 26332 17548 13151 10394 8649 7574 6756 5895 5249 5023 4459 4082 3524 3556 3362 3029 2924 2753 2636 2583 2450 2283 2084 2148 2129 2079 1920 1858 1753 1679 1600 1524 1575 1468 1584 1455 1377 1381 1325 1219 1262 1257 1248 1161 1090 1102 1014 1125 116826 234792
SLiM_0_sum.txt_boot_076.txt 26590 13117 8661 6614 5384 4370 3671 3368 2913 2684 2501 2295 1955 1912 1889 1639 1580 1467 1397 1224 1222 1168 1119 1097 1089 987 1001 975 841 909 834 839 797 838 730 844 743 633 680 678 665 604 600 572 593 563 564 519 573 52956 26360 17612 13229 10522 8667 7480 6674 6011 5323 4967 4503 3872 3708 3520 3387 3041 2924 2736 2631 2480 2470 2388 2053 2130 2066 2038 1906 1818 1789 1664 1665 1589 1578 1517 1532 1541 1386 1419 1251 1289 1300 1254 1319 1095 1075 1074 1053 984 117315 234999
SLiM_0_sum.txt_boot_077.txt 26088 13053 8701 6444 5399 4504 3736 3188 2934 2656 2385 2289 1991 1843 1881 1645 1665 1498 1399 1305 1212 1209 1143 1054 1095 1022 1018 1014 912 895 851 825 751 789 728 773 717 662 787 670 673 656 594 614 573 591 579 589 510 52660 26096 17320 13190 10683 8615 7295 6465 6003 5375 4732 4399 3934 3687 3586 3348 3092 2875 2781 2628 2516 2414 2265 2125 2022 2026 2039 1820 1860 1708 1757 1613 1577 1545 1537 1552 1465 1382 1356 1181 1264 1309 1209 1191 1157 1095 1052 1039 1050 117207 235529
SLiM_0_sum.txt_boot_078.txt 26511 13150 8725 6565 5326 4279 3802 3271 2979 2555 2406 2224 1925 1821 1733 1593 1675 1480 1278 1278 1244 1199 1166 1141 1058 1010 1062 962 850 880 885 834 820 734 735 763 693 683 764 640 706 604 628 563 595 591 568 521 557 53111 26108 17662 13210 10695 8543 7488 6714 5948 5166 4813 4477 3983 3708 3686 3408 3039 2959 2848 2696 2569 2526 2232 2149 2099 2102 1937 1863 1856 1741 1684 1702 1645 1520 1491 1496 1489 1341 1448 1280 1219 1319 1187 1188 1171 1163 1120 1033 1018 118077 235488
SLiM_0_sum.txt_boot_079.txt 26581 13080 8788 6468 5251 4305 3734 3267 2909 2619 2430 2318 1975 1931 1808 1693 1598 1495 1400 1294 1124 1154 1150 1090 1053 1043 1034 1061 918 949 829 898 780 783 771 803 694 699 733 632 684 597 632 603 611 561 572 533 511 52592 25992 17438 13087 10561 8557 7505 6597 6066 5347 4832 4439 3910 3653 3548 3354 3026 2938 2648 2693 2611 2360 2247 2100 2099 2102 1988 1845 1827 1753 1729 1648 1596 1524 1499 1486 1461 1341 1437 1256 1267 1325 1254 1223 1167 1083 1078 1038 1024 117139 235502
SLiM_0_sum.txt_boot_080.txt 26457 13368 8679 6480 5385 4422 3801 3225 2867 2720 2482 2362 1916 1861 1869 1616 1561 1406 1369 1310 1203 1159 1173 1077 1062 1003 1000 1002 824 897 895 846 798 784 668 806 754 647 693 695 690 596 645 557 647 545 575 543 546 52586 26291 17441 13396 10684 8561 7422 6555 5974 5184 4840 4562 3948 3663 3504 3400 2938 3052 2725 2627 2531 2456 2255 2090 2144 1989 2006 1878 1785 1664 1617 1632 1567 1573 1542 1555 1521 1380 1397 1232 1230 1296 1205 1215 1155 1139 1091 952 1073 117800 234792
SLiM_0_sum.txt_boot_081.txt 26643 13265 8651 6493 5310 4339 3848 3263 2958 2630 2404 2230 1969 1821 1781 1694 1595 1449 1348 1272 1256 1214 1124 1067 1052 1020 1023 965 865 865 828 856 756 783 756 810 724 699 710 662 665 596 589 614 623 573 550 574 581 52828 26607 17315 12979 10714 8550 7290 6446 6097 5101 4951 4493 3967 3669 3565 3326 3095 2941 2818 2726 2524 2499 2360 2047 2103 2081 2016 1811 1880 1764 1664 1634 1613 1520 1546 1471 1495 1352 1393 1315 1251 1290 1240 1207 1141 1195 1084 1019 1073 117685 234786
SLiM_0_sum.txt_boot_082.txt 26564 13025 8587 6650 5277 4457 3745 3300 2850 2676 2419 2293 1984 1800 1781 1673 1569 1512 1392 1298 1119 1157 1163 1082 1123 973 1011 1029 885 904 851 815 821 753 773 801 757 702 687 689 637 612 611 623 624 566 548 487 525 52884 26098 17481 13114 10588 8534 7514 6562 5956 5262 4754 4444 3964 3647 3634 3385 2962 2839 2754 2591 2581 2434 2230 2040 2083 2083 2053 1781 1683 1795 1683 1738 1536 1660 1485 1512 1517 1393 1444 1297 1225 1295 1247 1257 1111 1146 1100 1050 1087 117917 234880
SLiM_0_sum.txt_boot_083.txt 26216 13165 8701 6536 5284 4456 3792 3226 2968 2664 2413 2210 2020 1919 1793 1639 1619 1454 1439 1211 1208 1223 1157 1168 1024 1063 1024 964 886 903 849 881 783 753 724 800 719 650 680 685 666 536 582 592 595 571 540 563 560 52533 26300 17310 13207 10558 8702 7452 6716 5932 5246 4916 4457 4068 3645 3655 3473 3008 2943 2904 2698 2575 2534 2320 2014 2146 2066 2046 1838 1804 1768 1639 1664 1602 1566 1532 1544 1468 1343 1450 1212 1244 1240 1231 1288 1150 1124 1018 1098 996 116855 234790
SLiM_0_sum.txt_boot_084.txt 26372 13129 8696 6562 5333 4386 3824 3338 2902 2634 2345 2269 1893 1907 1810 1668 1551 1447 1402 1285 1223 1171 1185 1140 1063 984 963 969 807 890 804 839 749 802 773 783 698 691 712 672 700 557 648 597 657 600 533 544 535 52600 26364 17538 13064 10432 8745 7326 6537 5976 5302 4844 4477 3939 3712 3544 3435 2899 2893 2665 2594 2494 2406 2277 2103 2150 2067 2035 1818 1706 1803 1672 1630 1589 1571 1511 1508 1517 1301 1417 1260 1251 1196 1224 1249 1157 1116 1089 1020 1048 117022 235046
SLiM_0_sum.txt_boot_085.txt 26270 13308 8507 6481 5310 4380 3757 3273 3054 2611 2296 2281 1979 1890 1797 1539 1603 1389 1434 1199 1227 1246 1157 1074 1124 1007 1025 920 935 840 843 767 775 774 777 848 758 661 746 660 666 639 653 607 584 555 538 564 546 52730 26472 17535 13146 10515 8544 7272 6719 6041 5372 4818 4429 4009 3684 3536 3301 2967 2920 2709 2673 2524 2439 2307 2196 2063 2096 2077 1969 1815 1726 1598 1648 1591 1592 1558 1477 1508 1382 1391 1099 1203 1272 1243 1220 1152 1140 1077 1041 1064 117905 235818
SLiM_0_sum.txt_boot_086.txt 26601 13182 8558 6454 5368 4319 3751 3360 2867 2625 2457 2237 1993 1800 1871 1674 1587 1530 1398 1272 1239 1214 1230 1165 1069 1037 1020 960 877 919 829 841 773 763 759 787 706 638 720 696 696 577 595 579 582 585 611 546 542 52180 26013 17593 13099 10724 8512 7508 6636 5841 5337 4749 4498 3951 3707 3661 3298 3081 3003 2677 2731 2568 2453 2308 2084 2077 2044 1987 1889 1800 1663 1685 1644 1524 1493 1569 1509 1476 1402 1379 1249 1295 1246 1272 1242 1121 1129 1075 1020 1065 117339 234698
SLiM_0_sum.txt_boot_087.txt 26462 13238 8575 6514 5351 4310 3698 3274 2955 2692 2401 2268 1949 1841 1862 1640 1553 1460 1432 1316 1269 1232 1206 1183 1103 998 1026 949 867 804 863 821 748 780 773 781 739 691 711 696 689 618 638 570 627 594 592 536 506 52759 26143 17554 13204 10621 8870 7397 6691 5816 5340 4788 4525 3989 3722 3547 3501 2998 2939 2838 2617 2550 2445 2349 2062 2098 2162 2120 1923 1825 1655 1723 1677 1533 1538 1538 1543 1543 1318 1408 1223 1206 1286 1196 1195 1098 1099 1124 1003 1073 117733 234700
SLiM_0_sum.txt_boot_088.txt 26618 13316 8786 6478 5310 4508 3817 3368 2818 2660 2443 2248 1960 1895 1847 1659 1688 1428 1321 1269 1176 1180 1149 1093 1090 996 1063 974 920 928 819 870 808 803 755 784 689 682 717 702 607 611 636 567 564 529 530 519 566 52851 26474 17237 13222 10524 8598 7490 6629 5918 5271 4938 4488 4047 3759 3599 3410 3103 2979 2802 2750 2557 2469 2221 2061 2169 2128 1985 1787 1856 1733 1685 1637 1567 1600 1510 1514 1512 1372 1407 1293 1159 1224 1212 1130 1166 1090 1086 1105 1033 116873 234773
SLiM_0_sum.txt_boot_089.txt 26553 13095 8692 6365 5345 4322 3951 3165 3030 2671 2433 2296 1945 1858 1851 1709 1601 1470 1394 1265 1207 1164 1145 1133 1102 999 1064 899 915 890 843 873 796 775 736 773 769 648 738 674 689 607 621 565 607 544 581 544 509 52699 26303 17541 13244 10603 8439 7356 6638 6131 5185 4891 4542 4092 3714 3603 3360 3106 2888 2816 2642 2606 2486 2283 2082 2150 2148 1995 1836 1816 1828 1739 1642 1592 1530 1513 1557 1438 1326 1401 1237 1261 1273 1194 1216 1113 1178 1110 1088 1041 117466 234677
SLiM_0_sum.txt_boot_090.txt 26682 13144 8731 6391 5325 4368 3684 3278 2936 2623 2396 2248 2032 1880 1823 1608 1598 1465 1394 1302 1204 1164 1153 1136 1096 933 989 971 918 858 869 870 842 770 728 737 704 670 696 650 651 609 572 581 551 565 513 522 526 52528 26740 17381 13102 10498 8536 7372 6587 5951 5220 4839 4562 3992 3630 3528 3389 3097 2985 2779 2637 2549 2557 2244 2089 2145 2057 2042 1895 1821 1677 1719 1685 1520 1591 1472 1540 1535 1365 1388 1250 1270 1229 1266 1234 1134 1148 1097 1039 1043 117360 234136
SLiM_0_sum.txt_boot_091.txt 26517 13203 8688 6550 5272 4275 3755 3302 2915 2577 2394 2330 1917 1885 1882 1655 1648 1453 1410 1255 1179 1168 1160 1169 1070 952 1004 989 872 887 858 784 786 758 716 775 745 728 733 696 691 564 621 536 649 475 535 521 529 52620 26304 17436 13248 10677 8556 7475 6659 5985 5221 4921 4495 3886 3732 3542 3333 3066 2959 2734 2561 2570 2470 2335 2001 2136 2066 2034 1785 1776 1797 1645 1695 1542 1574 1467 1444 1477 1290 1353 1299 1272 1306 1165 1249 1103 1152 1060 1054 1037 117437 234702
SLiM_0_sum.txt_boot_092.txt 26357 13207 8646 6480 5246 4400 3677 3351 2943 2828 2439 2338 2039 1907 1878 1710 1653 1422 1341 1336 1150 1214 1161 1177 1154 1032 1038 985 837 855 850 838 781 774 727 813 669 708 690 627 688 633 606 615 660 564 541 528 536 52462 26471 17595 13253 10514 8562 7348 6692 5889 5225 4915 4363 4081 3725 3576 3326 2995 2920 2850 2662 2529 2385 2295 2050 2149 2072 1992 1790 1914 1794 1618 1570 1563 1530 1478 1514 1513 1324 1409 1233 1256 1251 1223 1195 1143 1089 1040 1036 1072 117499 234608
SLiM_0_sum.txt_boot_093.txt 26150 13101 8666 6604 5189 4430 3881 3213 2925 2616 2376 2350 2040 1844 1829 1670 1678 1441 1355 1354 1217 1179 1167 1126 1089 991 1014 950 881 901 896 858 712 726 727 824 703 710 717 628 678 627 610 597 603 555 521 538 534 52506 26126 17347 13069 10404 8548 7286 6631 6125 5255 4949 4560 4041 3581 3609 3390 3022 2878 2594 2664 2448 2468 2303 2089 2109 2084 2053 1844 1746 1731 1652 1585 1565 1605 1534 1519 1463 1384 1489 1288 1246 1198 1230 1166 1107 1111 1101 1072 1025 117439 235090
SLiM_0_sum.txt_boot_094.txt 26388 12995 8645 6616 5235 4466 3723 3267 2942 2576 2409 2240 1992 1808 1829 1694 1569 1376 1400 1269 1206 1250 1125 1092 1083 1047 1033 941 909 854 875 806 798 775 780 818 693 652 666 709 651 624 588 584 613 579 571 528 529 52478 26337 17600 13177 10585 8791 7318 6676 5913 5307 4877 4431 3919 3768 3570 3380 3123 2998 2753 2624 2571 2521 2261 2033 2094 2048 2004 1791 1869 1721 1652 1677 1520 1484 1577 1501 1521 1383 1371 1303 1214 1277 1224 1236 1124 1122 1087 1025 1090 118055 235038
SLiM_0_sum.txt_boot_095.txt 26260 13108 8765 6495 5450 4325 3796 3295 2995 2678 2316 2183 1962 1886 1815 1669 1596 1492 1425 1272 1213 1214 1195 1102 1098 963 1023 956 900 829 833 858 795 771 698 798 746 633 725 700 682 577 562 609 590 551 535 500 507 52849 26185 17284 13080 10420 8772 7289 6617 6010 5331 4868 4429 3945 3719 3587 3328 3008 2975 2793 2749 2569 2463 2200 2021 2110 2114 2013 1857 1727 1629 1653 1663 1506 1545 1473 1452 1502 1363 1392 1305 1295 1241 1217 1250 1065 1127 1095 1122 1082 117098 235298
SLiM_0_sum.txt_boot_096.txt 25963 13335 8693 6494 5129 4470 3625 3197 2970 2732 2392 2272 1964 1913 1799 1585 1675 1522 1327 1327 1177 1155 1206 1158 1005 1031 1023 946 896 907 845 814 795 793 739 772 736 699 728 684 672 585 595 575 601 584 500 536 526 52660 26432 17470 13233 10515 8513 7382 6578 5929 5327 4819 4460 4056 3720 3505 3376 3136 3006 2724 2681 2538 2469 2289 2073 2047 2089 1974 1882 1818 1804 1626 1673 1579 1547 1502 1502 1557 1423 1374 1276 1278 1227 1270 1219 1155 1116 1085 1046 1022 117885 235289
SLiM_0_sum.txt_boot_097.txt 26658 13055 8793 6501 5366 4367 3780 3218 2913 2610 2410 2350 2009 1849 1815 1573 1617 1458 1377 1225 1208 1239 1191 1110 1047 970 1003 1009 860 889 850 871 765 733 729 783 700 671 705 688 698 617 629 535 628 550 550 514 523 52790 26384 17403 13231 10696 8747 7360 6551 6020 5279 4806 4353 3968 3643 3496 3263 3057 2946 2764 2644 2492 2484 2279 2057 2062 2085 2050 1816 1777 1762 1589 1705 1586 1569 1450 1502 1464 1348 1330 1195 1243 1218 1251 1220 1179 1183 1074 1019 1102 117139 235507
SLiM_0_sum.txt_boot_098.txt 26484 13123 8697 6561 5378 4401 3798 3264 2939 2604 2477 2255 2045 1834 1819 1548 1634 1480 1388 1274 1237 1232 1186 1128 1050 1009 1034 965 909 887 783 885 859 787 758 744 754 646 747 649 721 573 602 561 609 570 575 528 522 52756 26415 17541 13266 10577 8571 7359 6597 5966 5270 4825 4453 4002 3565 3535 3288 3053 3009 2706 2725 2462 2485 2292 2090 2060 2008 2069 1832 1765 1675 1625 1607 1593 1571 1484 1506 1566 1347 1397 1283 1216 1283 1186 1259 1109 1175 1093 982 1068 116713 234924
SLiM_0_sum.txt_boot_099.txt 26241 13086 8788 6567 5261 4323 3770 3272 2926 2754 2386 2327 2016 1864 1844 1692 1661 1414 1378 1274 1208 1139 1115 1091 1039 998 1004 938 868 846 874 796 849 717 695 818 740 715 751 586 644 597 649 584 646 574 537 523 520 52834 26009 17377 13085 10527 8665 7228 6609 5933 5180 4861 4542 3913 3732 3578 3287 3123 2940 2822 2637 2557 2484 2273 2054 2112 2066 2029 1751 1804 1835 1772 1637 1601 1498 1520 1513 1419 1287 1403 1230 1238 1287 1226 1220 1158 1119 1125 1032 1016 117222 235203
SLiM_0_sum.txt_boot_100.txt 26373 13262 8723 6463 5324 4357 3638 3342 3042 2719 2455 2241 1970 1832 1833 1610 1611 1449 1377 1256 1225 1217 1191 1136 1104 994 1004 963 845 908 807 816 860 752 742 785 720 692 729 695 664 623 615 593 609 578 534 538 539 52899 26174 17558 13202 10501 8623 7536 6570 5946 5201 4862 4411 3979 3655 3471 3455 3067 2881 2724 2692 2534 2491 2295 1958 2101 2031 2058 1797 1810 1771 1730 1642 1580 1524 1528 1506 1577 1364 1445 1305 1327 1300 1234 1268 1201 1075 1059 1040 1015 117094 235055
