scenario Pi.Syn1 Pi.Syn2 Pi.Syn3 Pi.Syn4 Pi.Syn5 Pi.Syn6 Pi.Syn7 Pi.Syn8 Pi.Syn9 Pi.Syn10 Pi.Syn11 Pi.Syn12 Pi.Syn13 Pi.Syn14 Pi.Syn15 Pi.Syn16 Pi.Syn17 Pi.Syn18 Pi.Syn19 Pi.Syn20 Pi.Syn21 Pi.Syn22 Pi.Syn23 Pi.Syn24 Pi.Syn25 Pi.Syn26 Pi.Syn27 Pi.Syn28 Pi.Syn29 Pi.Syn30 Pi.Syn31 Pi.Syn32 Pi.Syn33 Pi.Syn34 Pi.Syn35 Pi.Syn36 Pi.Syn37 Pi.Syn38 Pi.Syn39 Pi.Syn40 Pi.Syn41 Pi.Syn42 Pi.Syn43 Pi.Syn44 Pi.Syn45 Pi.Syn46 Pi.Syn47 Pi.Syn48 Pi.Syn49 Pi.NSyn1 Pi.NSyn2 Pi.NSyn3 Pi.NSyn4 Pi.NSyn5 Pi.NSyn6 Pi.NSyn7 Pi.NSyn8 Pi.NSyn9 Pi.NSyn10 Pi.NSyn11 Pi.NSyn12 Pi.NSyn13 Pi.NSyn14 Pi.NSyn15 Pi.NSyn16 Pi.NSyn17 Pi.NSyn18 Pi.NSyn19 Pi.NSyn20 Pi.NSyn21 Pi.NSyn22 Pi.NSyn23 Pi.NSyn24 Pi.NSyn25 Pi.NSyn26 Pi.NSyn27 Pi.NSyn28 Pi.NSyn29 Pi.NSyn30 Pi.NSyn31 Pi.NSyn32 Pi.NSyn33 Pi.NSyn34 Pi.NSyn35 Pi.NSyn36 Pi.NSyn37 Pi.NSyn38 Pi.NSyn39 Pi.NSyn40 Pi.NSyn41 Pi.NSyn42 Pi.NSyn43 Pi.NSyn44 Pi.NSyn45 Pi.NSyn46 Pi.NSyn47 Pi.NSyn48 Pi.NSyn49 Div.Syn Div.Nsyn
SLiM_07_sum.txt 23665 11352 7573 5763 4469 3693 3086 2784 2513 2167 2060 1862 1648 1553 1389 1315 1306 1227 1153 1034 977 929 928 900 824 830 782 722 829 692 660 668 675 662 600 582 604 583 551 543 510 516 493 470 455 463 469 446 465 37049 16708 10652 7871 5965 4896 4050 3678 3178 2938 2611 2455 2235 2052 1963 1795 1776 1683 1583 1518 1425 1448 1347 1379 1279 1271 1287 1307 1216 1167 1186 1187 1205 1195 1198 1192 1275 1283 1309 1321 1317 1395 1502 1508 1680 1761 1885 1944 2197 120183 662730
SLiM_07_sum.txt_boot_001.txt 23732 11354 7480 5821 4442 3702 3038 2681 2513 2114 2061 1907 1673 1552 1394 1351 1247 1236 1166 1029 982 960 949 866 835 829 812 714 847 685 682 675 714 654 607 561 628 583 524 537 499 518 470 454 480 458 439 466 463 37303 16758 10519 7900 6030 4872 4068 3740 3151 2869 2567 2410 2278 1996 1916 1731 1789 1687 1540 1515 1359 1395 1336 1330 1276 1277 1225 1318 1193 1161 1167 1242 1179 1195 1152 1163 1286 1269 1280 1347 1341 1384 1446 1549 1652 1775 1914 1967 2155 120357 663027
SLiM_07_sum.txt_boot_002.txt 23562 11308 7570 5677 4607 3773 3050 2762 2512 2178 2034 1912 1587 1527 1326 1282 1298 1213 1131 1021 977 931 934 869 786 798 729 739 838 638 672 659 699 633 596 574 608 575 547 580 502 528 518 477 463 460 463 439 432 36824 16556 10446 7880 5909 4848 4129 3651 3222 2892 2491 2405 2256 2015 1991 1815 1751 1651 1610 1486 1450 1420 1329 1287 1269 1256 1316 1347 1230 1179 1168 1282 1158 1208 1178 1226 1257 1265 1314 1359 1354 1329 1494 1507 1734 1684 1898 1982 2206 119438 662326
SLiM_07_sum.txt_boot_003.txt 23943 11472 7755 5879 4468 3643 3126 2884 2547 2116 2049 1896 1609 1594 1410 1286 1365 1163 1123 1020 998 896 921 902 846 815 750 784 781 691 674 675 668 642 619 591 627 547 531 558 514 549 468 467 503 460 482 449 428 36801 16615 10764 7758 5995 4850 4010 3677 3206 2922 2702 2458 2150 2026 1891 1844 1767 1600 1650 1497 1382 1469 1369 1364 1263 1271 1297 1311 1219 1206 1215 1177 1204 1170 1192 1264 1294 1321 1302 1277 1331 1418 1459 1561 1665 1819 1886 1943 2226 119788 662579
SLiM_07_sum.txt_boot_004.txt 23633 11395 7683 5698 4472 3639 3187 2776 2531 2195 2101 1883 1630 1562 1415 1281 1345 1252 1153 1092 968 901 958 911 774 789 821 769 818 669 643 713 648 637 581 623 628 603 533 538 529 502 468 485 446 471 430 470 438 37120 16886 10821 7964 6089 5084 4098 3616 3235 2859 2612 2449 2245 2014 2012 1788 1847 1658 1521 1468 1432 1511 1358 1346 1298 1265 1296 1342 1232 1190 1118 1276 1215 1209 1173 1233 1251 1294 1301 1380 1314 1360 1454 1511 1630 1752 1901 1883 2182 120105 661953
SLiM_07_sum.txt_boot_005.txt 23853 11218 7488 5656 4460 3735 3120 2891 2404 2198 2072 1805 1671 1551 1397 1312 1241 1248 1161 1047 1013 929 917 921 813 823 834 683 802 643 690 628 682 635 599 586 628 587 588 481 541 479 497 449 454 490 489 442 445 37059 16762 10530 7851 5932 4855 4173 3628 3062 2912 2740 2419 2287 2007 2008 1766 1770 1677 1591 1521 1400 1377 1343 1400 1262 1285 1290 1329 1149 1152 1160 1188 1271 1220 1175 1223 1218 1326 1293 1346 1347 1417 1481 1574 1661 1800 1840 1982 2186 119887 661099
SLiM_07_sum.txt_boot_006.txt 23721 11293 7611 5735 4471 3698 3010 2806 2499 2146 2063 1852 1611 1588 1419 1293 1349 1250 1172 1038 1018 900 944 919 865 855 789 710 844 685 661 682 710 668 609 593 647 594 558 561 500 518 485 504 436 482 458 443 436 36660 16913 10687 8004 5958 4887 4094 3721 3133 2975 2613 2545 2229 2087 2021 1783 1764 1574 1582 1624 1454 1446 1359 1344 1233 1231 1289 1293 1198 1142 1217 1104 1209 1220 1218 1235 1264 1245 1302 1366 1382 1413 1588 1517 1715 1845 1859 1952 2195 119993 662267
SLiM_07_sum.txt_boot_007.txt 23642 11389 7698 5718 4339 3653 3004 2806 2406 2203 2064 1887 1656 1517 1359 1270 1359 1166 1183 1012 982 918 944 880 829 825 815 711 832 732 668 698 669 661 587 565 657 628 536 543 499 482 495 426 460 501 473 446 474 36854 16754 10735 7790 5919 4962 4010 3645 3134 2977 2599 2498 2278 2111 1911 1820 1775 1728 1624 1477 1407 1442 1403 1366 1273 1264 1331 1311 1245 1149 1186 1229 1205 1151 1161 1156 1316 1263 1329 1274 1394 1447 1498 1528 1742 1752 1850 1924 2269 120048 662827
SLiM_07_sum.txt_boot_008.txt 23674 11424 7419 5946 4506 3745 2975 2764 2564 2206 2006 1874 1671 1557 1361 1304 1328 1243 1178 1007 1006 977 837 910 832 817 767 709 832 722 683 671 712 687 639 613 570 619 534 547 496 507 535 491 471 465 444 437 474 36989 16694 10663 7886 6013 4889 4072 3694 3280 3001 2575 2546 2224 2029 1976 1877 1795 1613 1607 1515 1371 1457 1361 1335 1289 1245 1336 1343 1215 1157 1220 1126 1133 1195 1155 1223 1297 1356 1250 1350 1299 1486 1583 1479 1747 1760 1830 1944 2229 120403 662833
SLiM_07_sum.txt_boot_009.txt 23469 11186 7531 5845 4556 3614 3083 2868 2529 2095 2085 1828 1628 1594 1367 1367 1284 1258 1118 1078 944 896 953 944 834 833 803 760 844 684 673 661 679 671 612 548 581 564 547 535 485 540 487 472 479 449 495 461 442 37231 16658 10727 7962 5913 4896 4065 3644 3067 2867 2612 2461 2237 1973 1890 1807 1850 1670 1553 1485 1482 1401 1334 1413 1273 1208 1325 1342 1203 1157 1202 1205 1246 1155 1145 1194 1332 1349 1281 1327 1276 1363 1433 1553 1635 1736 1851 1904 2214 120315 662443
SLiM_07_sum.txt_boot_010.txt 23821 11262 7728 5790 4442 3758 3076 2850 2570 2199 1965 1848 1641 1577 1353 1322 1331 1309 1166 1057 1028 904 945 907 771 839 787 715 844 701 649 666 665 684 556 599 631 538 551 521 491 524 492 494 479 411 451 450 473 37044 16652 10633 7843 5816 4830 3987 3719 3280 2993 2460 2441 2140 2112 2023 1857 1784 1684 1493 1498 1406 1487 1327 1386 1305 1300 1286 1304 1175 1129 1168 1227 1227 1171 1189 1162 1220 1290 1333 1306 1302 1346 1506 1554 1660 1657 1887 1941 2167 120058 663659
SLiM_07_sum.txt_boot_011.txt 23578 11319 7627 5707 4471 3683 3076 2818 2507 2169 2043 1862 1655 1565 1432 1337 1354 1223 1118 998 905 930 973 831 863 827 751 735 841 686 660 658 699 654 589 595 608 620 533 552 525 515 480 454 451 467 467 430 433 37195 16750 10750 7865 6050 4918 4010 3707 3177 2892 2573 2496 2251 2041 1911 1793 1812 1672 1557 1521 1403 1458 1339 1369 1252 1262 1228 1315 1231 1162 1218 1146 1221 1242 1234 1128 1248 1286 1344 1377 1290 1327 1444 1509 1683 1742 1881 1911 2212 120114 663365
SLiM_07_sum.txt_boot_012.txt 23844 11227 7716 5687 4485 3678 3125 2772 2531 2108 2133 1831 1661 1571 1420 1309 1283 1194 1165 1022 1053 939 919 951 813 813 803 672 850 708 633 718 658 673 630 546 583 604 568 571 519 547 473 483 452 442 459 460 450 36921 16756 10744 7900 6037 4926 4052 3643 3184 2932 2626 2461 2272 2059 1947 1801 1759 1653 1544 1534 1452 1443 1397 1395 1295 1238 1350 1333 1210 1147 1125 1143 1226 1153 1234 1138 1280 1258 1255 1380 1337 1378 1507 1506 1675 1737 1977 1895 2172 120250 662789
SLiM_07_sum.txt_boot_013.txt 23589 11540 7651 5771 4396 3637 2983 2801 2463 2228 2014 1901 1732 1510 1347 1275 1296 1232 1148 1077 992 881 930 932 825 808 760 708 815 671 606 630 688 684 571 567 653 571 508 519 501 540 512 472 459 451 471 452 494 36784 16822 10551 7992 5904 4856 4051 3755 3112 2950 2640 2485 2202 2051 1951 1814 1698 1688 1521 1542 1413 1453 1339 1397 1287 1262 1271 1344 1179 1224 1178 1175 1162 1190 1204 1282 1292 1262 1326 1310 1308 1408 1532 1534 1649 1755 1922 1988 2171 120689 661783
SLiM_07_sum.txt_boot_014.txt 23927 11333 7678 5766 4402 3699 3079 2738 2609 2118 2062 1874 1688 1613 1448 1274 1287 1277 1145 1083 990 894 976 871 824 855 819 689 888 724 658 673 677 660 580 605 603 549 571 570 548 538 492 456 459 471 468 441 490 36957 16650 10705 7675 5908 4875 4021 3636 3173 2947 2712 2496 2256 2129 1879 1817 1780 1682 1528 1546 1432 1395 1302 1361 1320 1273 1259 1333 1194 1131 1232 1135 1240 1222 1215 1164 1266 1253 1268 1301 1328 1340 1477 1515 1707 1726 1833 1887 2199 120189 662050
SLiM_07_sum.txt_boot_015.txt 23503 11211 7506 5686 4454 3591 3093 2729 2498 2167 2013 1847 1657 1555 1347 1300 1328 1248 1208 977 958 911 932 906 853 813 727 681 847 676 678 673 661 632 603 582 611 556 606 510 517 506 477 507 432 535 470 432 457 37482 16669 10560 7869 5974 4875 3997 3687 3316 2901 2612 2454 2223 2101 1967 1830 1797 1603 1616 1496 1469 1460 1333 1385 1333 1252 1271 1381 1172 1181 1198 1242 1241 1184 1233 1180 1270 1272 1322 1379 1373 1422 1475 1511 1659 1784 1866 1988 2185 120508 662610
SLiM_07_sum.txt_boot_016.txt 23591 11257 7540 5671 4355 3669 3091 2719 2502 2233 2021 1775 1623 1551 1346 1379 1268 1240 1172 1009 962 907 940 914 798 805 740 728 784 731 651 681 688 652 577 581 579 582 537 543 469 515 472 464 463 488 454 441 419 37130 16586 10475 7914 5919 4824 4029 3605 3106 2833 2582 2528 2262 2082 1923 1765 1726 1644 1574 1513 1473 1477 1347 1406 1273 1220 1342 1369 1193 1141 1198 1191 1203 1185 1230 1181 1279 1266 1334 1344 1368 1435 1512 1515 1692 1802 1906 1864 2206 119732 662990
SLiM_07_sum.txt_boot_017.txt 23766 11320 7536 5702 4508 3691 2992 2742 2551 2144 2088 1863 1623 1522 1420 1306 1245 1218 1254 1055 999 947 945 896 813 872 764 676 844 700 645 677 720 638 625 575 592 564 531 517 507 534 471 463 458 473 464 488 491 37157 16643 10692 8071 6025 4894 4125 3668 3087 2953 2536 2467 2188 2090 1970 1817 1793 1616 1582 1540 1367 1427 1399 1364 1335 1208 1247 1273 1206 1142 1208 1187 1216 1207 1238 1182 1224 1276 1334 1316 1378 1416 1569 1395 1681 1744 1868 1972 2161 120424 663203
SLiM_07_sum.txt_boot_018.txt 23649 11350 7643 5828 4531 3584 3068 2856 2498 2190 2057 1909 1571 1521 1363 1298 1281 1269 1162 987 1016 948 925 907 858 822 798 743 803 693 654 683 699 688 634 586 606 579 558 547 514 492 500 457 428 452 496 445 483 36866 16754 10765 7890 5954 4853 3988 3684 3244 2964 2567 2420 2256 2101 1996 1750 1772 1673 1561 1543 1522 1414 1400 1402 1272 1314 1263 1336 1245 1159 1228 1210 1141 1206 1222 1224 1284 1317 1243 1321 1301 1402 1469 1477 1615 1778 1751 1894 2243 120223 663272
SLiM_07_sum.txt_boot_019.txt 23858 11425 7466 5812 4506 3731 3197 2727 2474 2105 2099 1972 1659 1556 1423 1328 1347 1194 1159 997 956 894 895 908 779 813 725 693 825 667 639 686 699 641 575 602 618 594 560 531 499 535 486 458 445 480 469 433 488 37089 16466 10730 8022 5927 4925 3980 3546 3234 2983 2586 2399 2181 2002 2017 1755 1736 1695 1539 1511 1405 1501 1354 1391 1250 1299 1325 1267 1225 1105 1149 1198 1169 1180 1145 1208 1247 1344 1357 1289 1291 1366 1532 1487 1692 1799 1814 1889 2113 120284 662428
SLiM_07_sum.txt_boot_020.txt 23508 11307 7545 5928 4464 3813 3144 2754 2455 2071 2044 1856 1587 1497 1429 1347 1334 1245 1129 1013 1005 908 929 912 816 820 796 733 811 669 662 663 631 673 584 589 627 555 581 559 527 500 471 465 419 509 460 442 472 36989 16441 10493 7902 6055 4957 3975 3772 3173 2957 2653 2498 2166 2097 2014 1822 1755 1829 1601 1417 1459 1461 1306 1341 1283 1273 1290 1307 1239 1163 1176 1215 1163 1224 1168 1228 1237 1243 1291 1366 1312 1370 1529 1458 1659 1788 1861 1932 2277 120103 662210
SLiM_07_sum.txt_boot_021.txt 23412 11393 7377 5715 4400 3678 3082 2783 2621 2177 2044 1883 1607 1578 1371 1296 1335 1222 1094 989 1014 928 920 912 876 878 817 722 815 690 670 664 705 721 617 620 625 540 523 592 500 514 550 468 434 475 502 440 426 37156 16685 10643 7938 5953 4819 4108 3656 3162 2998 2620 2370 2191 1999 2024 1755 1753 1681 1611 1502 1394 1475 1317 1350 1198 1301 1278 1330 1196 1173 1180 1164 1169 1176 1309 1210 1214 1278 1258 1234 1341 1360 1496 1449 1633 1872 1887 1942 2242 119494 662239
SLiM_07_sum.txt_boot_022.txt 23534 11311 7705 5834 4543 3562 3077 2755 2487 2117 2096 1864 1691 1637 1377 1256 1323 1188 1210 1027 963 905 969 941 844 803 829 737 844 708 701 664 664 664 624 567 632 580 603 577 521 512 487 462 466 452 456 437 434 37227 16598 10700 7890 6174 4837 3955 3715 3171 3006 2556 2479 2212 2017 1994 1877 1798 1718 1554 1525 1447 1423 1301 1350 1221 1278 1318 1377 1249 1162 1169 1149 1231 1218 1223 1221 1302 1301 1274 1340 1300 1397 1540 1441 1652 1821 1929 1967 2178 120200 662265
SLiM_07_sum.txt_boot_023.txt 23665 11243 7580 5758 4494 3741 3039 2807 2521 2181 2051 1934 1674 1662 1385 1337 1327 1204 1122 963 1040 928 917 863 819 819 765 716 870 702 680 671 672 660 648 571 576 550 543 534 492 510 482 501 436 523 489 449 489 36966 16603 10559 7830 6052 4915 4006 3623 3167 2842 2675 2410 2220 2060 1913 1811 1780 1738 1531 1507 1385 1469 1340 1359 1261 1310 1285 1310 1169 1142 1156 1199 1161 1122 1193 1210 1310 1268 1292 1330 1361 1441 1480 1495 1662 1781 1884 1939 2169 120753 661816
SLiM_07_sum.txt_boot_024.txt 23453 11310 7564 5852 4489 3760 3004 2734 2509 2192 1976 1802 1681 1505 1382 1235 1291 1329 1140 966 992 957 947 949 822 777 819 746 820 700 641 641 682 709 608 601 626 591 528 559 467 525 506 481 489 482 436 453 457 37181 16602 10481 7911 5950 4908 4030 3640 3113 2868 2635 2444 2285 2001 2024 1802 1772 1726 1542 1584 1407 1455 1306 1363 1262 1330 1266 1328 1232 1137 1177 1181 1228 1209 1185 1157 1266 1310 1320 1290 1310 1402 1499 1544 1697 1735 1860 1962 2230 120595 662523
SLiM_07_sum.txt_boot_025.txt 23565 11391 7535 5881 4597 3698 2997 2858 2496 2261 2004 1891 1663 1559 1419 1301 1309 1298 1136 1047 940 969 908 946 851 814 770 729 841 695 659 714 689 662 555 570 576 574 582 553 516 517 498 458 475 471 481 446 456 36820 16479 10730 7882 5986 4737 4044 3679 3234 2934 2695 2432 2243 2067 1940 1766 1775 1641 1599 1553 1400 1460 1350 1383 1248 1238 1312 1294 1176 1155 1205 1204 1177 1132 1211 1208 1278 1276 1341 1310 1345 1317 1555 1490 1690 1792 1856 1946 2215 120444 661798
SLiM_07_sum.txt_boot_026.txt 23772 11277 7531 5720 4363 3805 3122 2717 2583 2126 2007 1918 1593 1496 1423 1257 1321 1233 1193 1012 953 896 949 856 792 813 770 755 854 663 676 685 674 654 588 535 555 613 580 512 507 506 507 437 434 457 444 431 484 37134 16797 10734 7844 6020 4861 4192 3597 3176 2832 2590 2415 2175 2099 1947 1809 1704 1696 1603 1549 1397 1479 1397 1379 1189 1263 1334 1317 1222 1187 1164 1150 1155 1137 1182 1145 1282 1253 1283 1330 1355 1347 1468 1508 1676 1840 1867 1884 2148 119581 663620
SLiM_07_sum.txt_boot_027.txt 23669 11384 7491 5795 4516 3642 3146 2901 2447 2232 2032 1856 1584 1498 1378 1320 1323 1194 1157 1051 1053 892 895 925 776 780 795 673 822 680 668 599 688 656 576 565 613 620 547 571 500 521 528 471 458 466 449 445 470 36944 16616 10644 7870 5897 4798 4030 3639 3214 2874 2681 2500 2201 2127 1948 1741 1733 1702 1511 1530 1442 1459 1290 1386 1321 1261 1364 1322 1180 1162 1203 1162 1181 1189 1190 1211 1304 1269 1313 1357 1346 1361 1570 1505 1618 1756 1832 1988 2254 120276 661804
SLiM_07_sum.txt_boot_028.txt 23967 11413 7513 5750 4340 3591 3013 2787 2457 2172 2059 1838 1596 1574 1359 1237 1369 1269 1159 1038 927 918 952 876 847 734 753 766 787 714 673 625 665 661 581 554 606 572 545 502 512 537 485 451 458 440 473 468 462 36895 16669 10480 7827 5987 4942 4034 3649 3202 2899 2487 2443 2227 2104 1922 1837 1757 1703 1582 1491 1426 1471 1305 1456 1257 1242 1291 1364 1265 1176 1214 1191 1153 1132 1273 1185 1308 1321 1338 1316 1286 1429 1454 1564 1729 1781 1908 1917 2210 120698 663136
SLiM_07_sum.txt_boot_029.txt 23742 11288 7695 5793 4371 3668 3125 2723 2541 2181 2091 1902 1597 1516 1381 1347 1317 1258 1133 997 1025 920 928 903 808 838 723 714 817 712 623 660 649 660 634 588 634 587 522 542 513 537 532 464 448 485 449 416 502 37056 16687 10578 7927 6031 4918 4092 3599 3216 2988 2725 2533 2224 2049 1934 1727 1804 1598 1606 1565 1382 1482 1324 1421 1324 1223 1335 1308 1213 1158 1180 1101 1187 1159 1223 1183 1209 1282 1283 1334 1279 1435 1541 1500 1689 1775 1904 1899 2226 120017 662078
SLiM_07_sum.txt_boot_030.txt 23610 11345 7700 5715 4421 3610 3168 2763 2506 2203 2126 1806 1589 1557 1368 1339 1327 1285 1146 1018 934 914 909 855 829 853 737 724 834 697 667 663 659 671 644 589 593 647 520 524 494 530 498 492 453 435 459 453 487 36969 16552 10738 7958 5891 4743 4030 3738 3085 2968 2640 2467 2260 2029 1993 1810 1766 1731 1548 1513 1444 1445 1337 1408 1232 1376 1302 1301 1228 1144 1226 1228 1219 1233 1255 1220 1312 1260 1310 1306 1308 1413 1510 1487 1683 1742 1840 1942 2205 119965 662626
SLiM_07_sum.txt_boot_031.txt 23907 11357 7536 5719 4472 3660 3101 2720 2521 2161 2121 1815 1732 1618 1322 1313 1340 1316 1126 1016 950 874 893 920 827 819 800 718 832 672 650 722 679 632 542 571 572 588 557 540 519 508 493 462 463 482 478 452 454 37120 16678 10584 7753 6088 4795 4060 3759 3090 2917 2586 2495 2363 2054 1986 1760 1790 1690 1583 1494 1421 1434 1381 1357 1252 1245 1290 1292 1246 1116 1125 1156 1164 1161 1238 1155 1319 1273 1333 1359 1310 1395 1476 1479 1712 1735 1925 1981 2202 120524 661671
SLiM_07_sum.txt_boot_032.txt 23762 11409 7383 5765 4455 3741 3098 2814 2536 2215 1979 1833 1675 1564 1402 1344 1319 1249 1123 1023 967 940 895 894 803 834 794 700 827 650 662 670 695 608 593 593 594 564 563 538 503 502 463 465 428 466 499 441 458 37091 16740 10625 7955 5930 4978 4082 3747 3160 2945 2685 2448 2235 2095 1982 1763 1815 1664 1612 1488 1452 1417 1327 1323 1291 1290 1276 1313 1230 1155 1195 1170 1187 1224 1142 1249 1227 1337 1255 1353 1266 1451 1508 1465 1591 1746 1822 1930 2127 120061 662715
SLiM_07_sum.txt_boot_033.txt 23658 11308 7503 5790 4617 3630 3037 2894 2469 2203 2103 1811 1583 1576 1442 1331 1309 1200 1162 1074 1001 878 901 850 773 834 763 692 832 669 664 678 692 674 587 569 602 617 542 528 536 492 509 495 446 462 474 422 451 36983 16555 10510 7673 5919 4920 4136 3601 3134 2933 2560 2451 2185 2009 1985 1831 1802 1705 1594 1552 1423 1398 1376 1352 1280 1291 1255 1298 1212 1175 1182 1218 1202 1202 1151 1178 1261 1305 1397 1332 1314 1392 1491 1524 1656 1803 1940 1957 2208 119813 663292
SLiM_07_sum.txt_boot_034.txt 23663 11432 7643 5751 4348 3751 3044 2702 2521 2140 2098 1922 1639 1524 1405 1319 1279 1287 1152 1062 1023 969 941 869 765 813 778 734 838 691 637 661 657 700 603 586 596 570 539 553 517 506 503 458 441 453 471 464 423 37089 16636 10863 7811 6023 4885 4153 3628 3151 2830 2708 2542 2216 2121 2008 1856 1750 1705 1555 1529 1469 1516 1357 1339 1294 1301 1300 1379 1237 1151 1186 1193 1209 1193 1212 1186 1241 1280 1339 1293 1292 1380 1524 1528 1630 1692 1849 1993 2244 120579 664274
SLiM_07_sum.txt_boot_035.txt 23814 11353 7521 5848 4539 3737 3140 2845 2522 2179 1982 1843 1562 1587 1368 1315 1309 1255 1188 1065 915 911 893 918 781 870 789 718 816 691 654 679 684 708 547 620 555 574 590 601 498 482 526 487 453 429 477 410 442 37122 16429 10633 7894 6005 4758 3957 3609 3275 2877 2591 2450 2225 2029 1918 1805 1801 1729 1618 1481 1450 1506 1385 1397 1286 1259 1301 1339 1217 1197 1152 1157 1213 1203 1179 1113 1244 1276 1325 1295 1320 1380 1501 1555 1720 1733 1850 1940 2280 120402 662882
SLiM_07_sum.txt_boot_036.txt 23620 11387 7496 5749 4383 3725 3064 2710 2531 2122 2122 1814 1690 1555 1422 1295 1272 1208 1128 976 1039 926 923 892 833 830 779 746 817 690 626 592 695 651 580 579 586 619 503 569 517 510 509 470 423 482 499 423 465 36959 16499 10617 7911 5853 4851 4021 3652 3202 2893 2643 2442 2207 1974 1964 1768 1785 1604 1630 1517 1384 1490 1386 1374 1231 1192 1297 1343 1226 1133 1185 1148 1184 1161 1161 1136 1307 1262 1295 1315 1300 1391 1503 1527 1699 1812 1829 1928 2219 120017 662119
SLiM_07_sum.txt_boot_037.txt 23662 11095 7617 5673 4519 3678 3074 2771 2503 2185 2037 1848 1700 1565 1377 1373 1341 1255 1103 1029 1021 915 924 881 824 834 787 777 776 732 657 696 670 701 636 612 587 577 557 513 515 470 454 443 445 450 444 455 452 36761 16946 10645 7875 5997 4907 4149 3705 3264 2919 2658 2460 2260 1986 1919 1790 1721 1672 1566 1563 1428 1495 1411 1374 1303 1268 1234 1389 1228 1238 1205 1210 1221 1157 1199 1163 1273 1274 1284 1341 1289 1412 1597 1470 1659 1733 1899 1933 2159 119387 661783
SLiM_07_sum.txt_boot_038.txt 23728 11528 7665 5658 4539 3625 3132 2742 2467 2129 2081 1847 1595 1604 1455 1291 1332 1188 1112 1066 969 898 948 936 845 830 796 742 839 651 688 675 664 675 590 616 585 577 521 528 497 517 481 471 474 421 460 447 472 37129 16871 10728 7893 5866 4953 4061 3725 3198 2963 2654 2493 2287 2120 1959 1799 1799 1748 1557 1523 1488 1447 1299 1363 1248 1256 1286 1269 1174 1124 1152 1168 1221 1197 1226 1211 1283 1355 1319 1301 1283 1473 1513 1510 1654 1763 1882 2007 2137 120141 662544
SLiM_07_sum.txt_boot_039.txt 23608 11299 7621 5737 4576 3740 3133 2741 2335 2205 2062 1857 1657 1486 1395 1272 1315 1203 1142 1054 977 996 907 865 808 808 767 688 836 740 640 665 718 681 619 613 650 564 556 587 521 514 518 472 449 460 473 407 435 37197 16734 10567 7953 5813 4833 4055 3538 3201 2968 2684 2458 2225 2109 1990 1850 1797 1706 1578 1536 1436 1400 1384 1372 1226 1263 1300 1305 1235 1131 1197 1143 1196 1140 1214 1199 1316 1288 1316 1310 1335 1422 1550 1531 1691 1773 1906 1963 2293 120245 663890
SLiM_07_sum.txt_boot_040.txt 23841 11350 7489 5796 4422 3744 3122 2765 2552 2116 2115 1864 1612 1478 1376 1362 1299 1223 1146 991 900 890 948 881 859 874 785 678 833 700 706 641 673 655 582 533 573 543 552 543 528 511 494 473 467 444 494 451 492 36948 16688 10634 8005 5946 4923 3982 3618 3181 2886 2553 2432 2194 2045 1913 1746 1768 1684 1576 1521 1438 1484 1360 1390 1240 1269 1319 1251 1255 1173 1197 1186 1187 1195 1192 1206 1213 1392 1279 1281 1420 1439 1453 1546 1697 1798 1886 1980 2142 120459 661902
SLiM_07_sum.txt_boot_041.txt 23387 11259 7502 5804 4550 3579 3070 2742 2512 2109 2034 1885 1688 1581 1390 1286 1303 1223 1161 1064 996 922 939 910 787 828 842 723 822 713 695 638 667 670 574 571 543 593 544 545 494 508 487 463 453 471 492 428 490 37031 16662 10680 7935 5904 4914 4025 3608 3107 2978 2678 2415 2241 2050 1975 1796 1785 1661 1516 1561 1370 1416 1392 1361 1295 1321 1318 1219 1227 1125 1146 1165 1101 1173 1288 1239 1307 1209 1331 1406 1277 1397 1463 1544 1728 1774 1924 1947 2104 119534 663289
SLiM_07_sum.txt_boot_042.txt 23778 11367 7572 5643 4453 3623 2965 2757 2497 2134 1971 1941 1722 1568 1364 1334 1308 1292 1105 1056 969 894 971 860 820 834 789 726 878 727 633 669 648 640 603 582 629 573 553 541 522 533 507 453 436 406 481 440 454 37075 16800 10779 7869 5978 4903 4014 3739 3105 2996 2566 2431 2208 2000 1961 1831 1781 1705 1658 1495 1410 1493 1415 1345 1244 1309 1301 1293 1280 1158 1140 1182 1174 1186 1185 1197 1212 1291 1278 1375 1303 1417 1497 1529 1677 1754 1803 1924 2213 120331 662155
SLiM_07_sum.txt_boot_043.txt 23636 11409 7482 5760 4419 3667 3087 2798 2475 2143 2045 1936 1693 1555 1405 1357 1366 1165 1132 1025 1016 884 841 871 787 868 729 701 868 696 670 650 574 662 578 582 603 541 576 559 526 522 459 443 409 436 519 470 429 36657 16848 10618 7950 5908 4805 4064 3701 3216 2989 2592 2461 2215 1939 1975 1826 1700 1729 1607 1513 1429 1407 1328 1414 1280 1214 1310 1327 1255 1172 1159 1192 1209 1245 1170 1195 1234 1217 1317 1380 1374 1394 1464 1437 1601 1826 1893 1917 2212 120652 663378
SLiM_07_sum.txt_boot_044.txt 23548 11344 7693 5729 4376 3749 3085 2768 2539 2187 2007 1920 1707 1620 1373 1310 1301 1257 1143 1064 987 943 914 963 783 781 802 727 796 674 675 653 667 634 598 594 569 577 523 532 529 537 485 476 470 484 458 423 444 37119 16911 10418 7877 5900 4891 4007 3704 3184 2987 2647 2467 2200 2013 1878 1785 1717 1699 1576 1480 1443 1361 1373 1419 1293 1266 1255 1334 1295 1135 1144 1192 1199 1149 1181 1162 1252 1294 1347 1313 1318 1396 1449 1476 1666 1754 1836 1975 2166 120317 664282
SLiM_07_sum.txt_boot_045.txt 23618 11298 7662 5689 4438 3619 3126 2738 2573 2139 2132 1915 1637 1520 1375 1264 1316 1187 1139 1047 1007 935 918 919 869 804 810 776 796 685 693 641 678 649 626 599 569 554 560 523 483 505 514 480 497 464 474 432 484 37050 16752 10886 7917 5903 4801 3966 3648 3211 2934 2588 2433 2284 2071 1956 1825 1791 1691 1598 1469 1438 1404 1373 1404 1286 1234 1257 1282 1239 1218 1127 1182 1196 1171 1228 1153 1319 1236 1310 1355 1329 1401 1539 1505 1678 1778 1821 1921 2047 119750 662045
SLiM_07_sum.txt_boot_046.txt 23715 11306 7540 5704 4347 3586 3079 2783 2542 2135 2057 1904 1622 1564 1385 1378 1278 1200 1156 1035 954 934 912 820 860 865 779 664 849 720 658 679 667 654 585 581 558 532 525 598 517 547 460 479 462 472 475 440 466 36982 16569 10774 7965 5990 4933 3999 3563 3172 2998 2626 2453 2202 2015 2003 1789 1739 1705 1671 1512 1365 1401 1309 1355 1306 1219 1240 1317 1205 1164 1159 1208 1176 1156 1170 1173 1305 1290 1265 1332 1310 1419 1472 1502 1611 1734 1921 1985 2218 119673 661222
SLiM_07_sum.txt_boot_047.txt 23806 11290 7691 5679 4491 3661 3152 2747 2532 2146 2123 1856 1611 1566 1393 1381 1272 1263 1172 1056 901 975 965 929 785 851 758 719 895 655 662 631 699 685 625 576 643 576 494 525 497 519 504 515 426 477 443 451 462 36897 16692 10565 7986 5891 4862 3899 3728 3193 2964 2696 2430 2183 1983 2014 1781 1768 1697 1564 1479 1440 1459 1406 1310 1274 1229 1233 1327 1236 1170 1126 1189 1200 1253 1256 1191 1266 1279 1303 1279 1302 1399 1515 1526 1681 1787 1853 1974 2222 119985 663072
SLiM_07_sum.txt_boot_048.txt 23500 11210 7435 5917 4545 3727 3024 2828 2482 2101 2017 1780 1614 1533 1393 1376 1296 1187 1153 1011 998 935 924 839 839 812 801 717 818 689 643 698 641 627 634 564 644 553 592 508 507 534 523 492 459 483 471 432 502 37000 16712 10723 7884 5961 4937 4060 3708 3151 2934 2605 2500 2229 2046 1972 1783 1730 1652 1628 1575 1456 1445 1378 1409 1291 1345 1249 1287 1246 1118 1142 1187 1224 1162 1288 1255 1252 1286 1261 1321 1284 1460 1532 1465 1634 1807 1752 1941 2193 120368 661655
SLiM_07_sum.txt_boot_049.txt 23791 11352 7651 5664 4437 3731 3104 2691 2429 2089 2044 1763 1650 1485 1396 1321 1320 1261 1184 1073 907 941 885 920 832 823 795 711 866 727 667 675 658 645 568 589 589 572 558 518 490 524 503 438 425 471 503 468 478 36982 16711 10740 7749 6157 4938 4042 3726 3243 2841 2568 2440 2204 2082 1939 1773 1807 1777 1577 1525 1471 1413 1372 1442 1273 1260 1287 1283 1179 1145 1168 1222 1206 1165 1225 1210 1277 1243 1275 1353 1341 1385 1506 1532 1686 1788 1930 1973 2235 120421 663030
SLiM_07_sum.txt_boot_050.txt 23881 11258 7583 5831 4486 3737 3046 2783 2551 2283 2004 1904 1615 1569 1467 1263 1368 1241 1118 1088 942 932 975 909 818 810 801 721 869 657 653 703 646 666 548 615 590 581 581 559 497 530 499 452 419 467 470 439 457 37100 16555 10731 7769 6002 4973 4030 3707 3090 2973 2604 2509 2182 2070 2003 1772 1752 1644 1627 1491 1372 1407 1441 1350 1345 1269 1284 1289 1218 1235 1216 1182 1238 1221 1150 1214 1266 1268 1333 1317 1330 1474 1451 1570 1623 1761 1905 1960 2198 119570 661585
SLiM_07_sum.txt_boot_051.txt 23833 11258 7499 5718 4445 3587 3149 2843 2434 2103 2071 1910 1698 1574 1389 1339 1320 1193 1130 1053 964 910 910 877 798 808 764 704 849 669 666 685 665 691 609 601 610 526 550 514 497 511 459 478 428 435 467 433 438 37109 16803 10465 7771 5979 4972 4081 3736 3213 2923 2586 2466 2295 2087 1916 1791 1775 1637 1636 1571 1480 1431 1335 1327 1260 1208 1324 1386 1161 1170 1252 1117 1232 1213 1240 1174 1231 1305 1232 1275 1375 1422 1459 1477 1698 1762 1901 1862 2201 119406 662728
SLiM_07_sum.txt_boot_052.txt 23486 11240 7650 5854 4384 3758 3079 2731 2570 2136 2062 1869 1650 1573 1383 1406 1304 1190 1193 1017 909 920 967 898 864 809 773 726 854 686 639 675 705 623 541 598 620 588 563 555 457 542 491 468 438 470 436 489 459 37299 16586 10606 7734 6070 4776 4084 3682 3238 3033 2572 2487 2197 2027 2009 1818 1756 1608 1556 1534 1367 1509 1307 1458 1290 1339 1258 1264 1226 1170 1121 1173 1268 1169 1248 1154 1324 1323 1323 1301 1311 1449 1512 1542 1646 1745 1955 1999 2281 120062 661415
SLiM_07_sum.txt_boot_053.txt 23714 11529 7596 5675 4437 3654 3068 2720 2522 2183 2079 1892 1613 1516 1423 1290 1256 1248 1126 1010 955 980 934 954 815 879 817 745 837 741 625 649 636 674 564 579 616 647 546 506 527 528 479 474 448 443 495 454 451 37233 16910 10676 7856 5930 4872 4069 3727 3166 2944 2555 2430 2188 2109 1924 1834 1750 1697 1536 1569 1396 1539 1408 1400 1341 1252 1287 1247 1196 1134 1200 1189 1213 1112 1147 1158 1254 1250 1265 1315 1353 1349 1513 1571 1655 1776 1852 1950 2203 120924 662851
SLiM_07_sum.txt_boot_054.txt 23715 11305 7619 5908 4434 3656 3032 2842 2504 2133 2019 1791 1634 1622 1390 1307 1241 1208 1095 1090 912 947 969 962 780 817 735 694 866 675 654 655 615 669 626 576 597 532 509 551 517 489 486 468 493 462 472 458 470 36971 16694 10549 7924 6063 4837 3999 3783 3223 2837 2686 2426 2296 2041 1961 1811 1849 1654 1621 1511 1482 1469 1371 1393 1267 1281 1296 1330 1193 1127 1131 1187 1189 1179 1184 1245 1251 1266 1351 1325 1336 1388 1499 1479 1609 1759 1935 2017 2216 120027 663577
SLiM_07_sum.txt_boot_055.txt 23489 11353 7397 5727 4333 3711 3067 2832 2568 2205 2099 1835 1666 1542 1366 1314 1376 1248 1190 1063 994 938 939 929 803 831 766 690 811 644 617 640 637 650 589 575 600 561 539 561 517 473 472 474 430 460 437 439 469 36652 16751 10670 7808 5965 4937 4110 3704 3058 3005 2572 2410 2266 2082 1981 1853 1805 1662 1560 1524 1386 1468 1354 1410 1290 1264 1271 1331 1285 1113 1178 1134 1234 1216 1211 1192 1288 1256 1278 1347 1317 1334 1548 1479 1617 1816 1897 1943 2324 119849 663689
SLiM_07_sum.txt_boot_056.txt 23689 11296 7665 5759 4451 3584 3051 2851 2614 2126 2042 1822 1677 1599 1412 1287 1331 1090 1121 996 971 923 906 862 805 812 752 719 844 672 665 689 635 630 568 582 629 609 574 559 494 511 496 476 417 438 480 458 462 37124 16537 10580 7903 5931 4935 3970 3714 3108 2933 2610 2468 2232 2052 2007 1825 1794 1651 1652 1423 1465 1513 1308 1420 1306 1231 1283 1289 1208 1181 1137 1199 1193 1150 1188 1142 1314 1269 1297 1299 1316 1448 1470 1526 1680 1727 1843 1980 2205 120427 661423
SLiM_07_sum.txt_boot_057.txt 23512 11381 7677 5729 4395 3774 3022 2704 2581 2203 2102 1847 1606 1519 1387 1309 1349 1260 1177 992 945 923 934 937 813 820 765 692 841 729 595 644 650 614 612 594 617 596 568 544 498 511 467 491 458 441 475 446 454 36844 16679 10407 7880 5979 4918 3992 3764 3173 2933 2694 2524 2217 1946 1979 1739 1767 1678 1564 1562 1413 1425 1333 1365 1292 1256 1312 1304 1164 1192 1161 1138 1209 1140 1105 1157 1342 1304 1331 1297 1258 1426 1451 1537 1783 1733 1909 1964 2134 120183 663252
SLiM_07_sum.txt_boot_058.txt 23476 11430 7448 5730 4402 3635 3103 2714 2500 2150 2030 1808 1639 1559 1419 1320 1314 1201 1168 1069 1002 941 948 876 801 813 785 698 821 725 672 664 705 687 596 629 592 558 549 576 519 501 502 506 467 456 454 433 465 37307 16710 10576 7869 6054 4957 4022 3568 3145 2859 2545 2511 2249 2036 1934 1856 1778 1701 1568 1510 1485 1465 1329 1285 1271 1308 1265 1295 1167 1199 1125 1193 1221 1143 1183 1185 1293 1298 1373 1374 1338 1405 1573 1491 1729 1683 1795 1955 2233 120061 662257
SLiM_07_sum.txt_boot_059.txt 23566 11239 7613 5875 4395 3606 3104 2793 2415 2194 2091 1882 1706 1520 1421 1377 1322 1234 1171 1041 955 987 928 949 807 784 747 771 893 751 646 672 656 713 578 535 625 551 526 559 523 502 486 475 442 457 477 468 455 37044 16715 10726 7906 5892 4943 4041 3695 3077 2846 2669 2507 2188 2080 1971 1753 1745 1616 1584 1543 1430 1507 1361 1353 1329 1276 1314 1292 1202 1222 1239 1166 1252 1185 1194 1213 1311 1270 1382 1334 1278 1342 1537 1568 1610 1687 1869 1972 2192 120536 661900
SLiM_07_sum.txt_boot_060.txt 23440 11386 7586 5788 4429 3669 3102 2719 2468 2253 2024 1843 1645 1545 1384 1315 1334 1239 1157 1091 942 940 904 901 793 879 826 719 823 730 626 659 679 666 617 551 587 561 591 546 517 526 482 472 484 464 457 430 464 37104 16666 10681 7717 5926 4944 4116 3621 3137 2906 2593 2384 2251 2051 1995 1794 1754 1655 1637 1505 1371 1403 1255 1318 1275 1317 1275 1247 1239 1151 1210 1224 1199 1224 1273 1236 1293 1374 1368 1291 1342 1479 1473 1479 1713 1821 1888 1927 2118 120317 663691
SLiM_07_sum.txt_boot_061.txt 23586 11374 7542 5696 4475 3728 3180 2723 2439 2168 2068 1755 1627 1488 1359 1304 1309 1157 1159 1037 916 944 871 904 831 843 782 745 829 710 647 657 660 716 615 581 632 584 526 498 508 496 499 452 479 446 469 469 469 37054 16922 10679 7862 6009 4857 4108 3723 3231 2875 2612 2444 2233 2073 1946 1745 1791 1698 1617 1548 1435 1414 1364 1400 1312 1246 1310 1290 1226 1135 1232 1190 1186 1160 1170 1165 1264 1266 1388 1310 1332 1374 1501 1514 1688 1708 1904 1903 2190 119618 663960
SLiM_07_sum.txt_boot_062.txt 23554 11430 7784 5768 4527 3651 3042 2810 2549 2085 2022 1894 1698 1501 1408 1253 1348 1203 1193 1050 1006 889 930 897 800 802 800 746 836 752 686 602 667 648 552 566 573 559 523 528 504 515 500 521 480 431 455 454 477 36932 16589 10611 7824 5910 4960 4009 3592 3115 2956 2610 2530 2274 2036 1984 1742 1692 1719 1544 1532 1364 1389 1316 1363 1302 1225 1361 1372 1199 1190 1140 1179 1204 1204 1251 1238 1314 1227 1307 1271 1284 1386 1581 1486 1724 1787 1908 2039 2240 120268 661761
SLiM_07_sum.txt_boot_063.txt 23778 11110 7503 5788 4554 3646 3051 2708 2590 2190 2078 1862 1611 1598 1459 1338 1265 1272 1161 1103 973 912 897 898 891 843 761 725 802 705 705 678 659 637 580 611 614 579 544 528 480 505 491 458 442 450 478 446 495 37000 16621 10775 7814 6021 4824 4039 3713 3158 3019 2618 2521 2240 2061 1956 1840 1819 1698 1551 1525 1443 1457 1256 1375 1271 1355 1295 1201 1284 1215 1232 1205 1237 1188 1236 1176 1252 1292 1227 1257 1278 1333 1474 1498 1674 1787 1835 1945 2162 120364 663747
SLiM_07_sum.txt_boot_064.txt 23717 11521 7402 5713 4367 3738 3126 2821 2562 2153 2071 1876 1599 1540 1378 1319 1263 1280 1188 1043 987 911 947 905 843 845 790 717 824 719 672 672 668 670 638 585 605 572 492 596 494 525 495 494 448 502 501 434 465 36820 16889 10711 7885 5974 4945 3972 3630 3202 2838 2686 2447 2236 2062 1984 1826 1811 1765 1668 1442 1399 1523 1350 1400 1263 1234 1309 1240 1191 1192 1176 1142 1200 1206 1180 1151 1244 1318 1334 1359 1353 1380 1454 1507 1706 1773 1927 1933 2201 120141 663179
SLiM_07_sum.txt_boot_065.txt 23779 11223 7686 5861 4447 3685 3135 2738 2461 2173 2219 1856 1597 1607 1383 1340 1304 1328 1133 1037 960 826 918 908 848 819 820 689 835 675 612 679 662 604 586 579 577 569 557 517 533 576 489 446 458 497 480 394 488 36974 16750 10565 8029 5992 4902 4003 3676 3120 3066 2605 2534 2212 2086 2034 1764 1863 1725 1590 1544 1410 1478 1418 1377 1283 1331 1310 1295 1234 1156 1181 1163 1231 1162 1177 1189 1289 1230 1297 1316 1348 1296 1495 1427 1647 1748 1837 1968 2301 120377 663444
SLiM_07_sum.txt_boot_066.txt 23655 11333 7532 5697 4562 3712 3194 2738 2460 2192 2107 1838 1618 1600 1400 1301 1235 1255 1128 1038 958 950 882 844 818 814 848 724 827 702 633 646 658 668 635 611 570 579 551 569 511 496 522 477 440 486 422 471 434 37086 16836 10558 7803 5988 4876 4042 3670 3116 3006 2629 2376 2233 1981 1979 1873 1724 1687 1588 1406 1381 1409 1371 1337 1301 1285 1307 1394 1259 1194 1166 1233 1240 1185 1163 1135 1223 1302 1329 1332 1337 1353 1561 1505 1729 1869 1837 1970 2143 120315 662364
SLiM_07_sum.txt_boot_067.txt 23386 11272 7483 5817 4478 3629 3102 2768 2451 2070 2049 1898 1694 1471 1393 1392 1306 1233 1144 987 935 1008 937 882 858 819 745 680 852 708 647 666 661 687 559 551 589 655 577 532 501 544 494 499 493 465 486 410 496 37226 16873 10593 7982 5998 4927 4078 3619 3159 2954 2558 2479 2180 2047 1986 1843 1791 1660 1624 1487 1444 1462 1372 1334 1285 1279 1309 1344 1183 1223 1232 1138 1204 1205 1103 1228 1232 1299 1247 1298 1281 1481 1520 1525 1649 1756 1878 1864 2234 120585 661933
SLiM_07_sum.txt_boot_068.txt 23701 11289 7449 5806 4463 3679 3197 2814 2527 2146 2076 1834 1678 1609 1349 1309 1363 1184 1183 1043 983 945 833 899 823 822 805 742 838 710 666 639 683 665 566 578 617 573 577 548 517 503 466 473 436 477 476 482 460 36910 16903 10670 7726 5931 4921 4027 3692 3221 2882 2676 2524 2237 2034 1860 1778 1782 1696 1591 1498 1455 1456 1364 1405 1308 1250 1289 1367 1249 1123 1167 1207 1179 1169 1223 1200 1252 1297 1287 1320 1297 1468 1503 1530 1722 1760 1900 2005 2221 119726 662522
SLiM_07_sum.txt_boot_069.txt 23718 11278 7519 5765 4475 3670 3091 2676 2596 2155 2097 1790 1642 1603 1381 1316 1354 1147 1192 1023 938 977 960 911 847 847 758 742 795 766 671 670 656 644 626 578 532 579 566 577 494 539 512 493 460 442 472 440 432 36924 16643 10760 7682 5989 4916 4054 3642 3195 2826 2614 2479 2228 1995 1987 1785 1879 1747 1598 1528 1416 1495 1347 1357 1308 1285 1311 1338 1213 1189 1249 1126 1209 1165 1235 1245 1228 1343 1289 1336 1259 1420 1498 1521 1675 1731 1921 2002 2223 119491 663652
SLiM_07_sum.txt_boot_070.txt 23697 11233 7516 5728 4476 3693 3038 2798 2516 2211 2080 1864 1622 1530 1403 1330 1327 1165 1206 1044 973 909 940 861 813 832 786 690 829 651 623 686 693 629 609 512 574 536 582 533 490 500 501 481 477 486 467 459 472 36857 16884 10563 7915 5964 4946 3934 3766 3178 2965 2635 2388 2157 2086 1980 1849 1740 1709 1519 1526 1407 1482 1379 1359 1280 1240 1238 1276 1204 1124 1221 1222 1213 1195 1206 1180 1267 1270 1323 1275 1297 1307 1492 1503 1710 1754 1903 1849 2171 120777 662895
SLiM_07_sum.txt_boot_071.txt 23664 11332 7540 5771 4398 3695 3114 2825 2488 2116 2021 1822 1665 1587 1410 1269 1316 1274 1140 1082 964 909 926 883 835 824 789 749 833 737 637 666 655 655 570 617 606 594 597 546 484 490 494 467 439 460 456 426 459 37112 16605 10762 7705 6023 4881 3932 3643 3265 2882 2581 2427 2179 2057 1965 1772 1823 1667 1565 1458 1449 1481 1349 1327 1300 1260 1262 1309 1206 1163 1161 1175 1197 1195 1262 1211 1263 1272 1345 1355 1364 1421 1471 1553 1695 1702 1859 1923 2185 119665 663501
SLiM_07_sum.txt_boot_072.txt 23815 11253 7679 5921 4441 3601 3089 2837 2505 2192 2110 1825 1650 1631 1399 1282 1318 1205 1215 1055 918 985 927 909 839 794 777 745 822 688 622 676 699 676 594 605 608 591 546 545 581 485 482 462 435 453 442 451 464 36825 16608 10622 7788 5904 4963 4184 3651 3142 2940 2639 2387 2255 2059 2021 1744 1768 1655 1573 1521 1441 1422 1306 1422 1205 1295 1266 1269 1152 1179 1235 1151 1252 1184 1197 1204 1304 1293 1338 1241 1317 1424 1563 1527 1645 1799 1895 2065 2131 119804 663153
SLiM_07_sum.txt_boot_073.txt 23601 11405 7667 5772 4442 3700 3128 2817 2528 2126 2187 1870 1686 1577 1379 1262 1279 1184 1129 1005 983 944 904 923 798 827 782 694 874 709 634 665 608 636 625 597 634 594 539 566 509 535 534 450 454 491 502 452 479 37041 16780 10525 7824 5972 4975 4145 3580 3183 2924 2667 2370 2296 2106 1978 1820 1836 1650 1612 1521 1417 1462 1318 1403 1286 1234 1267 1251 1218 1174 1198 1246 1208 1137 1223 1201 1271 1238 1335 1352 1341 1401 1545 1558 1757 1755 1884 1966 2178 120046 663019
SLiM_07_sum.txt_boot_074.txt 23743 11433 7592 5765 4247 3669 3180 2734 2473 2131 2128 1852 1655 1569 1387 1309 1339 1194 1186 1003 996 902 941 935 828 816 779 735 793 720 681 695 613 706 617 611 620 546 564 541 517 523 514 449 452 418 460 432 471 36935 16704 10607 7867 5991 4952 4008 3584 3183 2893 2595 2456 2277 2044 1899 1796 1806 1643 1573 1489 1443 1452 1348 1395 1286 1208 1294 1254 1218 1166 1152 1261 1207 1224 1204 1176 1253 1228 1299 1300 1314 1437 1519 1494 1671 1688 1880 1930 2247 120462 661968
SLiM_07_sum.txt_boot_075.txt 23529 11344 7512 5828 4377 3696 3129 2856 2409 2126 2024 1907 1643 1567 1375 1346 1322 1194 1156 1043 1062 962 971 977 827 774 745 733 838 661 660 697 680 645 625 592 559 595 542 582 514 519 488 505 433 463 452 454 476 36671 17001 10534 7716 5921 4932 4003 3679 3196 2950 2598 2436 2334 2033 2025 1803 1811 1651 1595 1466 1469 1452 1321 1348 1236 1286 1353 1250 1206 1164 1268 1215 1201 1286 1160 1134 1286 1284 1312 1298 1328 1380 1502 1485 1742 1796 1928 1898 2143 119681 662932
SLiM_07_sum.txt_boot_076.txt 23816 11402 7604 5752 4463 3636 3081 2750 2512 2188 2036 1904 1623 1517 1408 1244 1297 1226 1140 1002 953 939 994 919 816 821 781 747 818 658 643 605 674 601 601 585 622 588 590 554 501 511 473 525 439 425 483 453 476 36734 16658 10741 7875 5947 4910 4185 3710 3202 2972 2714 2453 2266 1971 1916 1881 1738 1640 1635 1477 1376 1472 1315 1400 1319 1259 1297 1309 1212 1193 1186 1197 1283 1222 1186 1170 1291 1301 1266 1336 1316 1386 1473 1529 1627 1728 1905 1972 2221 119960 662066
SLiM_07_sum.txt_boot_077.txt 23649 11320 7507 5687 4517 3757 3092 2843 2591 2180 2027 1872 1617 1595 1398 1302 1349 1266 1172 1014 1002 949 969 888 838 851 776 714 808 685 660 710 670 632 590 606 570 579 539 498 550 497 510 461 445 499 447 424 464 37215 16625 10675 7883 5894 5015 4033 3681 3119 2936 2600 2505 2272 2034 2051 1750 1881 1614 1483 1516 1410 1418 1330 1321 1235 1250 1231 1356 1260 1144 1187 1242 1241 1241 1216 1177 1291 1257 1286 1355 1307 1350 1530 1472 1640 1784 1791 2015 2145 120046 663971
SLiM_07_sum.txt_boot_078.txt 23945 11294 7600 5870 4482 3641 3059 2749 2498 2162 2022 1829 1649 1494 1411 1363 1332 1190 1200 994 997 935 916 901 842 850 721 780 871 672 659 663 674 671 580 581 621 595 565 508 489 582 502 436 450 429 477 439 456 37144 16696 10407 7972 6095 4808 4031 3626 3224 2964 2541 2465 2306 2036 1943 1808 1707 1721 1548 1492 1370 1390 1373 1433 1282 1246 1296 1318 1214 1200 1245 1180 1168 1255 1248 1190 1280 1276 1379 1315 1354 1405 1531 1517 1727 1759 1878 1975 2143 120400 663231
SLiM_07_sum.txt_boot_079.txt 23525 11421 7591 5737 4600 3615 3037 2777 2568 2129 2033 1859 1674 1559 1352 1303 1313 1255 1141 1047 945 906 900 981 856 844 781 678 862 688 660 682 661 630 603 576 571 613 579 553 519 517 505 477 439 508 430 461 472 37045 16669 10673 7766 6028 4721 4014 3667 3127 2879 2664 2442 2244 2041 1914 1862 1857 1648 1577 1523 1396 1481 1294 1428 1302 1269 1282 1270 1224 1156 1152 1225 1159 1114 1208 1167 1258 1257 1307 1303 1258 1412 1469 1456 1686 1801 1887 1964 2212 120874 662179
SLiM_07_sum.txt_boot_080.txt 23557 11524 7639 5724 4508 3728 3063 2884 2501 2139 2071 1876 1736 1569 1394 1284 1334 1278 1079 989 1018 909 899 952 818 850 821 716 848 667 649 662 694 711 590 590 574 572 548 538 483 491 497 464 463 440 433 413 441 37187 16595 10672 7884 5876 4827 4137 3618 3231 2960 2665 2451 2239 2058 1968 1743 1818 1648 1510 1533 1420 1441 1317 1358 1301 1309 1293 1258 1254 1158 1126 1228 1163 1198 1199 1177 1249 1290 1339 1322 1263 1413 1492 1506 1607 1732 1943 1944 2157 120504 661273
SLiM_07_sum.txt_boot_081.txt 23617 11461 7586 5684 4427 3771 2979 2752 2469 2271 1945 1877 1659 1568 1283 1390 1237 1213 1110 1034 1004 972 942 975 791 844 800 726 805 693 690 670 686 656 624 545 642 583 554 554 532 526 503 452 459 464 435 463 471 37082 16463 10449 7823 5836 4978 4049 3681 3275 2839 2559 2468 2223 2090 1879 1779 1781 1708 1518 1537 1354 1445 1304 1327 1296 1313 1255 1267 1189 1165 1171 1161 1265 1196 1217 1213 1275 1312 1321 1282 1365 1348 1537 1554 1629 1720 1965 1882 2220 120170 663399
SLiM_07_sum.txt_boot_082.txt 23687 11293 7624 5815 4653 3635 3047 2931 2413 2166 2052 1847 1623 1564 1450 1304 1328 1140 1199 1055 945 897 965 884 813 842 787 691 852 685 658 696 673 635 640 576 614 613 584 518 479 483 507 485 460 510 457 473 439 36791 16780 10679 7934 6108 4976 3988 3740 3336 2935 2612 2492 2270 2035 1960 1787 1828 1688 1569 1516 1466 1448 1328 1393 1253 1280 1265 1296 1162 1162 1216 1187 1213 1172 1161 1207 1299 1297 1312 1357 1263 1425 1532 1454 1702 1804 1892 1891 2191 120151 662151
SLiM_07_sum.txt_boot_083.txt 23723 11597 7511 5813 4474 3785 3134 2774 2484 2121 2033 1813 1655 1553 1351 1326 1368 1259 1206 1028 1032 915 924 956 812 787 808 692 832 676 565 668 643 644 595 564 578 557 586 560 495 515 514 481 484 520 495 446 481 36827 16639 10782 7820 6079 4914 4072 3792 3210 2856 2641 2387 2227 2096 1968 1791 1789 1667 1585 1532 1370 1441 1328 1383 1330 1272 1258 1303 1182 1150 1165 1186 1233 1184 1170 1151 1254 1276 1304 1357 1248 1322 1550 1526 1712 1699 1840 2012 2180 119715 663073
SLiM_07_sum.txt_boot_084.txt 23544 11467 7623 5747 4490 3748 3161 2732 2470 2138 2094 1835 1581 1551 1354 1325 1293 1244 1149 985 986 943 982 874 821 842 831 688 829 719 610 694 660 613 614 590 607 575 555 528 476 536 499 468 462 444 490 443 469 36838 16706 10502 7976 5958 4924 4002 3645 3101 2925 2609 2465 2252 2042 1956 1789 1718 1709 1640 1511 1470 1433 1406 1331 1215 1317 1301 1301 1250 1158 1191 1183 1223 1191 1185 1166 1228 1340 1257 1335 1279 1394 1479 1470 1673 1815 1920 1954 2172 120040 662379
SLiM_07_sum.txt_boot_085.txt 23542 11413 7685 5733 4497 3714 3168 2792 2445 2210 1992 1863 1611 1570 1421 1340 1332 1236 1148 1011 937 937 934 892 827 877 772 703 838 683 663 630 673 698 619 543 616 603 538 556 509 520 514 470 480 465 481 473 472 37239 16739 10756 7909 6041 4924 4086 3675 3166 2909 2644 2428 2183 2069 1928 1833 1764 1718 1608 1507 1420 1460 1382 1356 1229 1276 1249 1261 1270 1191 1199 1198 1175 1139 1192 1226 1270 1288 1287 1302 1383 1389 1505 1546 1728 1805 1917 1966 2234 120248 663072
SLiM_07_sum.txt_boot_086.txt 23712 11439 7808 5651 4576 3695 3063 2750 2533 2174 2095 1920 1602 1480 1463 1340 1363 1184 1090 1087 957 924 908 901 836 839 821 713 851 698 652 643 650 625 638 566 624 558 547 501 496 523 553 478 446 470 508 472 462 36935 16572 10741 7904 5971 4895 4113 3708 3187 2940 2579 2446 2294 1946 1900 1828 1814 1629 1622 1496 1435 1433 1372 1419 1253 1256 1289 1316 1272 1148 1151 1193 1205 1166 1190 1214 1308 1324 1244 1401 1345 1354 1465 1547 1661 1802 1808 1846 2218 120935 662073
SLiM_07_sum.txt_boot_087.txt 23663 11438 7702 5647 4526 3710 3002 2804 2481 2213 2061 1889 1628 1586 1457 1305 1263 1216 1207 1101 999 900 909 880 840 853 798 778 819 659 662 668 670 694 618 572 624 566 551 542 498 493 505 469 441 438 489 430 463 36800 16567 10680 7661 5948 4875 4050 3609 3235 2958 2587 2519 2230 2038 1998 1831 1819 1664 1628 1468 1460 1470 1316 1385 1269 1210 1366 1340 1186 1165 1165 1227 1205 1173 1146 1239 1221 1242 1335 1339 1241 1377 1510 1520 1630 1789 1922 1931 2235 120339 662731
SLiM_07_sum.txt_boot_088.txt 23612 11315 7528 5828 4440 3714 3093 2793 2461 2116 2000 1887 1743 1525 1394 1335 1258 1233 1124 1037 949 951 946 970 839 845 782 735 854 677 638 703 685 638 626 602 625 607 547 530 494 508 503 448 441 454 440 419 447 36972 16781 10599 7862 5920 4990 4035 3740 3117 2865 2547 2444 2221 1999 1918 1810 1785 1732 1564 1624 1406 1424 1342 1312 1318 1264 1259 1368 1292 1159 1146 1204 1161 1244 1226 1208 1302 1308 1362 1392 1348 1422 1559 1483 1687 1753 1922 1913 2106 119820 663705
SLiM_07_sum.txt_boot_089.txt 23762 11164 7544 5726 4500 3701 3139 2766 2550 2140 2082 1923 1658 1549 1377 1285 1326 1207 1130 1079 965 907 945 920 822 760 840 747 858 681 653 665 616 644 585 584 599 615 550 489 517 458 473 472 432 487 465 443 499 37134 16925 10803 7972 6029 4808 4024 3700 3115 2834 2695 2483 2186 1992 2010 1822 1864 1661 1617 1485 1382 1495 1387 1347 1297 1204 1277 1334 1232 1139 1142 1141 1256 1131 1224 1128 1303 1263 1364 1289 1254 1391 1542 1526 1725 1776 1890 1927 2268 120256 661671
SLiM_07_sum.txt_boot_090.txt 23742 11232 7451 5780 4419 3706 3150 2702 2532 2047 1954 1893 1646 1546 1397 1323 1290 1230 1190 1041 952 884 899 882 858 823 764 738 793 670 657 705 673 648 602 554 536 566 556 541 492 517 510 479 495 442 460 450 526 36907 16673 10807 7823 6058 4866 4218 3728 3204 2902 2664 2492 2260 1976 2022 1825 1774 1720 1575 1527 1394 1490 1346 1355 1237 1292 1344 1321 1220 1197 1194 1149 1169 1239 1168 1152 1267 1238 1291 1257 1277 1400 1537 1571 1647 1729 1928 1911 2073 120674 663200
SLiM_07_sum.txt_boot_091.txt 23289 11158 7547 5701 4499 3730 3105 2747 2545 2232 2049 1823 1671 1528 1356 1318 1279 1238 1123 1059 975 917 939 912 859 828 780 763 789 716 672 716 680 660 562 562 623 557 574 556 462 513 480 423 483 496 436 454 435 37027 16672 10585 7911 6012 4872 4117 3756 3149 2858 2589 2474 2159 2085 2016 1708 1813 1719 1570 1516 1458 1405 1308 1458 1305 1246 1233 1329 1210 1259 1177 1151 1226 1193 1146 1202 1294 1318 1302 1268 1298 1334 1495 1475 1708 1726 1894 2077 2171 119231 663018
SLiM_07_sum.txt_boot_092.txt 23775 11404 7713 5731 4410 3752 3081 2772 2527 2014 2060 1777 1671 1586 1374 1298 1255 1156 1163 1040 987 991 910 895 833 841 796 736 819 700 646 652 675 637 589 610 607 561 555 575 506 551 527 472 455 447 447 475 477 37370 16428 10665 7879 5814 4928 4044 3680 3205 2988 2626 2454 2239 2058 1930 1846 1741 1648 1582 1538 1518 1461 1353 1342 1263 1277 1249 1328 1186 1151 1203 1215 1200 1199 1159 1236 1329 1254 1304 1265 1345 1340 1557 1474 1762 1802 1880 1882 2249 119924 662903
SLiM_07_sum.txt_boot_093.txt 23586 11216 7671 5728 4445 3631 3044 2760 2497 2163 2129 1864 1656 1587 1382 1267 1336 1188 1180 1014 985 936 931 947 828 812 782 743 843 674 651 676 684 672 589 580 591 552 514 492 520 501 491 430 461 474 433 430 448 37166 16375 10746 7958 5936 4925 4006 3644 3236 2917 2632 2354 2126 2096 2007 1779 1791 1718 1468 1489 1442 1431 1316 1453 1279 1299 1271 1319 1233 1176 1198 1218 1188 1217 1177 1215 1263 1257 1268 1315 1312 1494 1530 1467 1736 1824 1826 1949 2204 120797 662854
SLiM_07_sum.txt_boot_094.txt 23666 11343 7558 5752 4367 3775 3054 2805 2493 2161 2138 1783 1662 1610 1393 1339 1378 1196 1145 1095 880 876 968 868 823 824 809 726 798 706 624 664 680 689 606 585 576 586 517 526 499 519 492 480 408 457 468 455 462 37146 16583 10591 7906 5930 4872 4083 3818 3140 2910 2620 2464 2284 2051 1940 1772 1834 1648 1554 1468 1399 1479 1353 1423 1268 1243 1302 1305 1171 1186 1183 1181 1168 1213 1155 1229 1274 1310 1319 1321 1311 1452 1521 1530 1617 1710 1896 1976 2277 120015 663087
SLiM_07_sum.txt_boot_095.txt 23310 11601 7602 5791 4529 3750 3125 2810 2550 2137 2089 1876 1657 1568 1387 1353 1316 1228 1157 986 956 886 948 927 786 841 769 748 809 699 717 677 690 652 580 566 609 554 584 559 527 539 453 485 488 456 470 469 456 37077 16925 10555 7989 6029 4884 4095 3590 3227 2864 2626 2463 2259 2094 1990 1806 1726 1712 1636 1530 1373 1483 1369 1337 1261 1293 1244 1242 1225 1161 1184 1146 1218 1138 1234 1201 1239 1352 1318 1351 1307 1414 1535 1500 1596 1750 1887 1918 2184 119843 663157
SLiM_07_sum.txt_boot_096.txt 23702 11289 7677 5735 4717 3626 3058 2816 2537 2201 2058 1889 1639 1531 1347 1363 1251 1262 1165 1075 980 859 946 855 828 916 790 708 833 688 628 690 733 613 565 589 599 584 576 544 495 506 457 418 454 510 464 469 445 37221 16539 10633 7806 6000 4935 4127 3724 3177 3004 2493 2415 2196 1988 1926 1838 1742 1627 1625 1521 1456 1454 1343 1436 1271 1291 1304 1365 1210 1182 1160 1175 1200 1212 1220 1254 1284 1229 1292 1376 1302 1428 1513 1560 1670 1796 1894 1971 2098 119965 662491
SLiM_07_sum.txt_boot_097.txt 23686 11338 7600 5780 4364 3668 3086 2861 2450 2131 2100 1866 1736 1588 1371 1318 1315 1226 1193 990 1013 937 924 890 859 843 779 703 821 701 684 739 655 683 601 612 599 567 543 540 553 529 510 480 458 462 474 451 457 37219 16662 10544 7851 5943 4880 4038 3714 3169 2983 2576 2409 2243 2059 2027 1730 1781 1638 1500 1582 1411 1412 1350 1354 1241 1260 1330 1345 1194 1189 1171 1149 1228 1229 1198 1162 1302 1325 1254 1349 1322 1374 1556 1511 1716 1772 1792 1942 2258 120679 662604
SLiM_07_sum.txt_boot_098.txt 23706 11332 7610 5705 4511 3773 3032 2778 2543 2150 2008 1838 1624 1557 1324 1326 1251 1281 1134 1021 973 925 986 860 818 832 794 698 853 775 642 644 649 654 600 564 570 572 536 559 502 479 470 430 414 490 447 458 472 37306 16646 10536 7825 5891 4795 4044 3711 3142 2941 2659 2503 2227 2135 1936 1760 1761 1690 1597 1510 1365 1439 1389 1338 1320 1349 1230 1267 1236 1199 1102 1198 1213 1211 1158 1155 1302 1227 1319 1366 1264 1412 1486 1527 1688 1745 1859 1977 2127 120170 662869
SLiM_07_sum.txt_boot_099.txt 23635 11393 7500 5830 4408 3736 3153 2736 2451 2242 2038 1888 1658 1610 1382 1273 1320 1279 1153 1055 947 906 902 924 828 750 746 691 819 697 670 661 660 640 607 590 640 582 549 508 479 545 536 478 490 439 462 429 464 37277 16720 10557 7852 5932 4912 4000 3678 3153 2943 2605 2513 2245 2093 1951 1688 1845 1643 1577 1485 1352 1446 1371 1348 1244 1256 1306 1254 1225 1129 1167 1204 1218 1216 1190 1255 1283 1309 1258 1378 1344 1424 1495 1504 1698 1770 1888 1955 2242 119642 663473
SLiM_07_sum.txt_boot_100.txt 23762 11367 7569 5850 4420 3622 3105 2762 2545 2167 2056 1851 1667 1556 1438 1294 1359 1217 1164 993 979 869 918 914 873 721 744 752 841 711 654 696 671 658 618 600 624 598 537 553 528 536 505 464 456 464 449 452 459 37189 16757 10687 7809 6104 4950 4057 3687 3147 2962 2620 2420 2220 1977 1975 1773 1806 1720 1527 1520 1439 1423 1370 1409 1269 1312 1299 1304 1229 1125 1183 1110 1169 1203 1226 1166 1285 1269 1276 1367 1325 1400 1451 1503 1658 1726 1799 2035 2162 120331 662785
