scenario Pi.Syn1 Pi.Syn2 Pi.Syn3 Pi.Syn4 Pi.Syn5 Pi.Syn6 Pi.Syn7 Pi.Syn8 Pi.Syn9 Pi.Syn10 Pi.Syn11 Pi.Syn12 Pi.Syn13 Pi.Syn14 Pi.Syn15 Pi.Syn16 Pi.Syn17 Pi.Syn18 Pi.Syn19 Pi.Syn20 Pi.Syn21 Pi.Syn22 Pi.Syn23 Pi.Syn24 Pi.Syn25 Pi.Syn26 Pi.Syn27 Pi.Syn28 Pi.Syn29 Pi.Syn30 Pi.Syn31 Pi.Syn32 Pi.Syn33 Pi.Syn34 Pi.Syn35 Pi.Syn36 Pi.Syn37 Pi.Syn38 Pi.Syn39 Pi.Syn40 Pi.Syn41 Pi.Syn42 Pi.Syn43 Pi.Syn44 Pi.Syn45 Pi.Syn46 Pi.Syn47 Pi.Syn48 Pi.Syn49 Pi.NSyn1 Pi.NSyn2 Pi.NSyn3 Pi.NSyn4 Pi.NSyn5 Pi.NSyn6 Pi.NSyn7 Pi.NSyn8 Pi.NSyn9 Pi.NSyn10 Pi.NSyn11 Pi.NSyn12 Pi.NSyn13 Pi.NSyn14 Pi.NSyn15 Pi.NSyn16 Pi.NSyn17 Pi.NSyn18 Pi.NSyn19 Pi.NSyn20 Pi.NSyn21 Pi.NSyn22 Pi.NSyn23 Pi.NSyn24 Pi.NSyn25 Pi.NSyn26 Pi.NSyn27 Pi.NSyn28 Pi.NSyn29 Pi.NSyn30 Pi.NSyn31 Pi.NSyn32 Pi.NSyn33 Pi.NSyn34 Pi.NSyn35 Pi.NSyn36 Pi.NSyn37 Pi.NSyn38 Pi.NSyn39 Pi.NSyn40 Pi.NSyn41 Pi.NSyn42 Pi.NSyn43 Pi.NSyn44 Pi.NSyn45 Pi.NSyn46 Pi.NSyn47 Pi.NSyn48 Pi.NSyn49 Div.Syn Div.Nsyn
SLiM_04_sum.txt 54113 24993 15231 10597 7921 6034 5069 4151 3518 3028 2681 2397 2057 1855 1721 1666 1472 1424 1241 1201 1141 1107 1064 990 950 926 831 835 785 775 708 717 714 680 644 661 623 612 622 571 544 566 531 542 531 520 494 505 499 76930 31472 18321 12468 9203 7170 5733 4702 3960 3383 3107 2749 2450 2232 1999 1852 1763 1588 1532 1492 1417 1281 1273 1202 1136 1032 1078 1086 1001 1020 957 952 937 899 878 858 824 793 782 842 860 921 961 954 1000 1045 1140 1269 1429 115213 274805
SLiM_04_sum.txt_boot_001.txt 54054 25102 15087 10633 8097 6011 5100 4083 3487 3032 2676 2446 2040 1875 1704 1555 1471 1431 1339 1194 1197 1128 1078 1005 947 899 817 876 822 784 718 746 724 714 613 621 643 592 638 566 544 560 543 564 535 524 530 484 488 76705 31338 18235 12469 9089 6993 5762 4707 3878 3371 3110 2709 2399 2194 2002 1845 1818 1532 1517 1539 1422 1291 1323 1181 1105 1041 1048 1080 1016 1010 925 1032 934 915 889 882 814 753 760 862 847 948 994 917 1012 990 1154 1257 1442 115138 274169
SLiM_04_sum.txt_boot_002.txt 54387 25089 15175 10525 7865 5952 5118 4097 3557 3127 2725 2485 2028 1849 1739 1748 1478 1460 1199 1185 1123 1075 1100 991 903 911 818 860 811 821 713 722 719 698 650 647 563 611 613 541 586 543 500 568 536 531 530 524 524 76866 31809 18394 12499 9396 7274 5686 4706 3891 3414 3074 2775 2432 2214 2016 1801 1768 1588 1500 1542 1447 1220 1298 1190 1174 1006 1048 1051 1062 1022 942 976 907 872 940 912 849 790 804 812 804 928 957 956 1021 971 1187 1230 1418 115264 273842
SLiM_04_sum.txt_boot_003.txt 54296 24889 15311 10475 7864 6169 5106 4078 3584 3018 2632 2306 2038 1815 1766 1520 1461 1431 1193 1199 1152 1082 1044 1023 955 923 813 846 778 791 672 728 719 659 608 676 612 580 618 545 561 545 523 523 539 523 466 488 537 76752 31664 18262 12581 9166 7163 5775 4740 4009 3313 3117 2712 2484 2202 1972 1850 1784 1601 1559 1498 1367 1248 1311 1211 1069 1051 1062 1128 965 1005 992 931 965 922 951 852 777 791 748 873 908 953 1002 948 1019 1040 1175 1312 1490 115419 274609
SLiM_04_sum.txt_boot_004.txt 53791 24897 15209 10693 7889 6104 5070 4183 3549 3059 2808 2338 2138 1800 1685 1589 1515 1432 1293 1206 1116 1040 1067 1034 970 916 847 804 730 790 705 697 671 690 697 660 593 568 582 594 550 553 521 554 583 533 563 500 498 77100 31203 18415 12603 9066 7268 5789 4669 3966 3377 3072 2645 2420 2179 2027 1833 1772 1557 1544 1486 1451 1312 1251 1280 1075 1029 1063 1040 1034 1066 986 954 912 937 899 875 800 788 768 836 888 914 937 943 986 1012 1139 1305 1344 114920 274848
SLiM_04_sum.txt_boot_005.txt 53941 25112 15446 10593 7884 6003 5126 4156 3513 3098 2717 2373 2015 1801 1660 1734 1496 1519 1193 1157 1130 1097 1081 981 940 925 789 874 842 791 740 748 733 743 619 642 626 572 605 552 558 558 550 537 529 526 488 528 505 76838 31551 18299 12584 9204 7171 5745 4864 3866 3319 3207 2780 2422 2285 2035 1893 1709 1600 1511 1477 1432 1285 1260 1198 1113 1031 1106 1067 981 988 950 974 986 851 841 847 808 772 817 900 891 954 875 920 1017 1073 1121 1256 1503 115733 275635
SLiM_04_sum.txt_boot_006.txt 54524 25119 15327 10566 7938 6146 5118 4199 3533 3069 2741 2418 2089 1831 1716 1646 1501 1443 1283 1252 1097 1089 1088 1039 1007 927 823 828 758 767 719 781 733 684 649 675 580 592 589 556 544 580 517 530 560 562 489 485 513 76945 31573 18319 12652 9080 7189 5743 4666 3915 3454 3095 2728 2368 2230 1953 1889 1799 1572 1514 1443 1355 1238 1263 1207 1190 1021 1077 1102 1036 1049 953 974 934 921 875 833 877 742 794 836 877 938 985 965 1031 1102 1083 1217 1428 114734 273965
SLiM_04_sum.txt_boot_007.txt 54055 25012 15191 10606 7847 5969 5002 4282 3509 3004 2624 2369 2070 1829 1695 1619 1496 1351 1218 1208 1161 1082 1054 975 932 944 829 830 732 755 698 653 760 728 644 692 655 587 606 535 546 556 512 506 545 486 462 492 483 77073 31612 18303 12362 9246 7153 5764 4657 4085 3410 3130 2792 2377 2185 1983 1796 1765 1609 1602 1532 1410 1344 1306 1241 1164 1019 1039 1085 986 1041 936 960 955 920 867 862 829 794 711 862 824 898 968 901 1000 1061 1118 1310 1516 115775 275674
SLiM_04_sum.txt_boot_008.txt 54557 24861 15162 10640 7918 5984 5047 4171 3567 2996 2798 2306 2034 1858 1741 1695 1463 1507 1239 1194 1118 1095 1052 1021 989 961 872 859 816 786 696 751 717 700 644 645 621 619 683 567 529 575 554 587 518 502 476 464 497 77463 31534 18355 12381 9239 7038 5751 4640 3939 3438 3002 2822 2361 2391 2020 1822 1808 1659 1505 1444 1424 1290 1225 1259 1145 1048 1066 1128 963 1009 977 951 960 883 943 856 834 800 796 881 906 889 920 994 939 1013 1130 1281 1462 115291 274283
SLiM_04_sum.txt_boot_009.txt 54082 24552 15203 10481 7977 5852 5079 4120 3600 3058 2687 2461 2000 1832 1743 1705 1356 1509 1237 1151 1140 1112 1060 1005 939 936 849 846 823 816 716 729 776 704 599 656 652 642 667 565 526 604 516 555 514 527 481 533 569 76694 31941 18197 12394 9250 7167 5586 4622 3921 3303 2990 2730 2430 2207 1927 1826 1763 1584 1544 1445 1329 1272 1253 1228 1137 1021 1151 1116 1008 986 946 953 927 965 902 925 802 756 785 804 785 943 976 980 989 1024 1178 1228 1423 115595 274347
SLiM_04_sum.txt_boot_010.txt 53814 24769 15292 10558 7793 6022 5120 4120 3574 3131 2671 2398 2081 1922 1746 1704 1519 1432 1281 1153 1167 1129 1061 989 901 958 861 788 752 786 737 680 683 693 631 657 664 569 583 604 549 540 548 575 537 496 527 489 516 77121 31518 18290 12444 9063 7236 5800 4657 4165 3338 3122 2706 2493 2199 2105 1807 1779 1536 1481 1448 1485 1223 1220 1158 1165 976 1059 1077 1046 1026 985 892 1012 917 819 880 839 788 776 780 811 888 986 959 991 1037 1190 1228 1400 114968 274774
SLiM_04_sum.txt_boot_011.txt 54032 25078 15362 10561 8032 6170 5128 4115 3586 2999 2768 2336 2121 1795 1730 1666 1489 1446 1296 1194 1134 1134 1000 984 910 897 811 799 811 781 688 704 717 688 646 653 627 609 657 512 566 544 531 537 569 520 472 480 465 76577 31483 18441 12476 9283 7179 5709 4568 3873 3418 3128 2628 2534 2199 1980 1821 1804 1636 1568 1523 1352 1264 1219 1176 1153 1013 1113 1046 989 1022 963 947 952 945 903 858 803 800 759 846 877 909 890 1026 984 1024 1172 1316 1380 115639 274899
SLiM_04_sum.txt_boot_012.txt 53613 24940 15320 10543 7985 6056 5009 4124 3604 2941 2623 2383 2069 1838 1713 1566 1594 1362 1180 1187 1146 1182 1022 1005 974 926 809 847 774 766 691 742 704 677 655 620 632 572 611 594 561 595 566 537 542 502 483 494 515 76915 31499 18433 12607 9320 7214 5737 4649 4042 3335 3068 2725 2382 2188 1986 1889 1691 1588 1539 1487 1440 1376 1281 1209 1090 1031 1088 1129 973 1000 958 945 940 859 893 884 822 813 798 833 867 902 942 993 982 1024 1165 1262 1420 115286 274592
SLiM_04_sum.txt_boot_013.txt 54126 25223 15528 10582 8000 6051 5157 4041 3654 3089 2616 2475 1903 1779 1808 1694 1535 1367 1251 1214 1113 1115 1090 999 927 926 846 889 789 797 614 683 770 668 641 698 613 538 613 545 556 540 545 528 534 517 488 473 502 77225 31562 18300 12480 9093 7040 5753 4654 3957 3482 3162 2715 2427 2288 1947 1833 1684 1695 1460 1477 1407 1214 1225 1233 1183 1026 1077 1092 969 958 964 947 950 915 871 814 801 816 789 856 786 917 966 960 1075 1021 1129 1294 1400 114813 274467
SLiM_04_sum.txt_boot_014.txt 53669 25065 15151 10686 8027 5976 5168 4129 3568 3076 2634 2404 2016 1856 1729 1667 1478 1399 1216 1212 1159 1126 1102 1012 969 951 869 841 779 801 730 719 675 678 681 664 608 609 629 574 534 579 575 560 533 535 480 473 504 76979 31566 18192 12459 9262 7192 5723 4727 3907 3429 3062 2698 2468 2244 2036 1895 1765 1539 1448 1500 1429 1354 1322 1200 1122 961 1047 1093 969 1079 931 956 932 891 930 909 796 780 783 837 892 912 981 925 992 1006 1150 1345 1317 114762 275044
SLiM_04_sum.txt_boot_015.txt 53968 24918 15062 10756 8038 6042 5091 4285 3484 2984 2721 2367 2106 1819 1798 1637 1504 1470 1239 1274 1191 1132 1039 977 931 975 848 801 745 777 687 734 708 661 667 665 620 582 604 568 559 526 477 557 577 483 517 503 450 76870 31334 18407 12595 9190 7185 5544 4673 3980 3266 3197 2821 2442 2194 2054 1888 1766 1570 1510 1398 1411 1407 1279 1198 1129 1052 1081 1095 997 970 915 936 944 869 854 840 779 768 796 817 826 906 943 933 1005 1040 1086 1329 1479 114959 274737
SLiM_04_sum.txt_boot_016.txt 54204 24735 15469 10457 7965 5919 4999 4139 3596 3065 2641 2407 2137 1815 1687 1615 1373 1454 1216 1180 1133 1070 1100 1029 924 936 900 817 776 712 731 676 684 663 650 642 586 617 561 560 554 540 538 522 532 511 496 525 475 77375 31229 18225 12559 9275 7191 5680 4728 4012 3392 3117 2759 2436 2256 2029 1841 1755 1585 1581 1492 1355 1246 1246 1277 1154 1080 1027 1081 984 1018 925 942 909 900 898 857 828 799 819 873 892 916 953 974 987 1033 1182 1360 1407 114917 274132
SLiM_04_sum.txt_boot_017.txt 54267 25166 15170 10533 7955 5958 5033 4217 3494 2991 2681 2386 1933 1877 1710 1656 1464 1411 1235 1240 1112 1151 1105 1043 891 926 818 800 745 785 676 732 687 672 595 634 683 601 629 552 524 581 567 554 520 520 478 512 458 76436 31716 18274 12514 9089 7157 5665 4725 3921 3305 3272 2724 2447 2193 2016 1874 1796 1550 1510 1498 1403 1222 1285 1156 1159 1012 1046 1104 1012 1026 977 1034 981 892 935 823 839 788 802 871 866 941 952 1005 970 1007 1150 1271 1355 115111 274361
SLiM_04_sum.txt_boot_018.txt 54371 24791 15218 10660 8044 6085 5201 4130 3509 3056 2672 2421 2104 1850 1712 1642 1510 1437 1203 1137 1126 1105 1123 1016 946 964 809 853 810 698 729 744 698 628 671 655 633 597 654 553 528 552 531 551 505 528 504 503 499 76525 31222 18222 12481 9334 7222 5651 4717 4020 3384 3092 2678 2353 2243 1915 1810 1790 1628 1469 1469 1352 1268 1321 1224 1204 1018 1040 1103 969 1074 966 984 913 932 884 895 816 761 766 827 876 925 951 899 1008 1043 1111 1253 1454 115211 274763
SLiM_04_sum.txt_boot_019.txt 54180 24908 15170 10618 7916 5950 5172 4156 3541 3066 2653 2347 1997 1876 1768 1674 1495 1452 1268 1151 1143 1094 1047 1015 973 888 817 846 781 778 738 705 694 724 643 661 605 591 639 592 532 556 502 508 512 527 486 538 466 77179 31543 18285 12302 9152 7257 5596 4588 3925 3427 3143 2739 2434 2129 2066 1878 1762 1609 1558 1441 1393 1270 1253 1148 1151 1063 1056 1081 1036 1018 928 946 955 885 906 844 833 764 777 798 890 911 946 971 1013 1079 1167 1260 1424 115697 274717
SLiM_04_sum.txt_boot_020.txt 54308 25062 15109 10561 7910 6015 5093 4065 3574 3010 2652 2415 2020 1922 1730 1723 1490 1435 1224 1237 1164 1112 1014 1054 945 914 825 811 779 728 710 714 719 667 634 686 603 627 590 565 574 585 517 544 503 512 507 509 505 76960 31704 18513 12636 9306 7156 5646 4624 3958 3435 3038 2752 2451 2227 1972 1858 1745 1597 1510 1476 1418 1262 1276 1151 1134 1058 1050 1005 987 1025 969 911 914 950 903 864 809 769 795 837 823 916 926 926 994 1048 1138 1333 1426 114626 275394
SLiM_04_sum.txt_boot_021.txt 54004 25240 15230 10629 8003 6019 4986 4066 3504 3011 2630 2420 2110 1798 1668 1682 1450 1426 1271 1150 1160 1106 1047 945 985 940 837 832 830 762 679 721 741 717 618 688 624 573 644 599 518 551 550 542 548 506 482 497 537 76811 31670 18206 12344 9121 7060 5736 4758 3946 3293 3149 2720 2385 2143 2010 1866 1774 1575 1540 1481 1459 1306 1302 1182 1109 1000 1088 1121 1046 1042 961 897 954 946 850 860 837 856 770 914 844 978 957 1004 1031 1074 1160 1253 1431 115147 274530
SLiM_04_sum.txt_boot_022.txt 53975 24846 15366 10475 7855 6042 4938 4282 3508 3069 2782 2386 1976 1845 1751 1677 1525 1417 1250 1201 1122 1130 1065 925 1002 939 794 853 756 779 734 710 715 690 621 646 622 611 611 605 517 560 503 557 550 492 498 481 502 76828 31657 18393 12543 9340 7263 5817 4764 3969 3277 3131 2642 2471 2205 1960 1881 1829 1594 1506 1460 1412 1249 1278 1202 1096 1011 1067 1097 1027 999 943 889 922 938 878 825 829 826 774 832 876 940 929 926 1037 1026 1110 1310 1356 114895 274440
SLiM_04_sum.txt_boot_023.txt 54287 24804 15395 10716 7856 6145 5046 4059 3484 3096 2728 2386 2094 1865 1783 1664 1484 1470 1207 1240 1128 1058 1108 999 967 939 875 876 774 785 687 697 690 665 655 638 597 591 618 614 580 571 519 532 535 555 502 524 483 76703 31474 18315 12256 9331 7163 5721 4741 3997 3422 3087 2795 2408 2276 2003 1810 1719 1530 1541 1499 1377 1292 1326 1229 1124 1019 1088 1098 967 998 1019 935 932 901 878 845 780 747 767 813 858 966 975 988 966 1036 1108 1326 1364 115474 274925
SLiM_04_sum.txt_boot_024.txt 53801 24821 15203 10792 8072 6192 5136 4088 3608 3003 2651 2369 2050 1832 1745 1723 1482 1434 1313 1265 1165 1055 1038 969 962 933 823 788 822 754 663 757 724 675 658 678 635 611 601 583 565 549 508 516 523 560 476 513 493 77118 31380 18321 12353 9194 7222 5705 4668 3847 3366 3201 2675 2589 2262 1953 1831 1791 1579 1508 1516 1462 1304 1283 1172 1187 1031 1082 1093 993 988 936 969 882 896 856 863 874 802 814 818 805 952 985 902 1057 1013 1155 1314 1435 115424 275959
SLiM_04_sum.txt_boot_025.txt 53642 24606 15014 10412 8057 6171 4980 4030 3520 3056 2606 2341 2142 1853 1718 1740 1477 1495 1188 1157 1098 1079 1078 981 934 946 872 848 795 773 739 714 717 693 608 695 615 596 639 556 537 555 519 537 497 520 466 503 499 77014 31351 18382 12400 9123 7198 5845 4673 4061 3417 3059 2737 2444 2236 1980 1877 1773 1602 1552 1443 1374 1282 1279 1180 1072 1071 1077 1045 971 1106 959 965 937 918 835 913 846 754 762 843 848 941 946 952 1022 987 1132 1290 1458 115282 274633
SLiM_04_sum.txt_boot_026.txt 53610 24979 15448 10761 7935 6182 5125 4231 3427 3036 2663 2340 2068 1856 1688 1699 1501 1354 1267 1160 1156 1144 1071 994 912 943 872 788 786 802 676 734 773 738 652 648 617 623 593 583 504 568 536 514 519 468 513 476 516 76720 31296 18251 12659 9122 7054 5822 4717 3955 3278 3097 2780 2413 2228 1963 1821 1820 1580 1525 1510 1378 1244 1250 1129 1116 1010 1058 1102 1053 1065 981 1011 897 909 866 859 840 827 782 840 861 877 940 918 980 997 1141 1228 1399 115808 273942
SLiM_04_sum.txt_boot_027.txt 54548 24965 15324 10698 7888 6178 5096 4316 3574 3064 2643 2437 1988 1837 1710 1709 1451 1393 1248 1197 1117 1109 1100 984 911 876 821 844 773 746 695 692 702 674 627 672 607 640 649 620 533 562 548 553 537 531 518 511 507 76909 31873 18478 12513 9226 7132 5671 4688 3977 3361 3102 2681 2479 2285 2001 1870 1808 1645 1471 1554 1403 1323 1294 1266 1136 986 1047 1070 1035 1053 1006 1017 931 917 862 881 777 770 815 829 900 933 1016 964 1019 1026 1154 1280 1472 115563 275318
SLiM_04_sum.txt_boot_028.txt 54280 25195 15150 10409 7867 6203 5049 4226 3487 2956 2674 2400 2107 1891 1693 1602 1426 1387 1246 1184 1191 1076 1071 1023 961 972 859 815 766 776 724 771 758 682 677 688 598 621 604 587 572 519 542 527 529 520 495 487 506 77303 31237 18203 12349 9066 7207 5671 4736 3986 3545 3116 2706 2477 2292 1973 1848 1779 1629 1555 1556 1358 1302 1292 1194 1094 1037 1064 1108 1006 1047 946 963 949 868 916 873 835 801 753 852 848 970 943 953 1001 1044 1109 1287 1422 114895 273796
SLiM_04_sum.txt_boot_029.txt 54312 24960 15321 10526 7947 6070 5073 4089 3488 3076 2625 2392 2116 1838 1757 1583 1452 1423 1221 1230 1086 1110 1031 988 989 933 844 825 777 796 702 692 653 707 694 703 616 614 584 570 564 569 490 539 455 532 509 475 499 76886 31513 18203 12482 9214 7181 5741 4736 4036 3298 3108 2856 2499 2236 2040 1795 1702 1563 1538 1480 1419 1278 1260 1214 1147 1034 1072 1109 993 1024 990 955 970 912 874 846 804 761 816 900 856 891 902 1021 983 994 1199 1261 1334 115033 274194
SLiM_04_sum.txt_boot_030.txt 54489 25119 15187 10603 7859 6023 5029 4119 3474 3058 2641 2324 2030 1794 1683 1765 1487 1441 1237 1229 1093 1145 1079 991 891 879 881 856 780 799 660 724 690 690 614 660 630 622 641 612 501 565 548 534 520 511 504 483 521 77165 31401 18349 12699 9092 7115 5646 4801 4021 3358 3077 2767 2498 2236 1913 1892 1786 1600 1589 1468 1365 1257 1255 1128 1127 1013 1077 1141 1041 1044 948 992 903 884 837 822 913 782 787 821 860 976 906 948 973 1030 1196 1282 1410 115032 275049
SLiM_04_sum.txt_boot_031.txt 54103 24859 15168 10758 7851 5993 4996 4025 3455 3012 2617 2320 2052 1773 1705 1674 1495 1411 1239 1160 1095 1041 1058 981 969 955 811 797 773 729 699 747 736 644 600 610 620 596 569 574 555 540 547 488 568 497 519 524 511 76596 31792 18313 12473 9273 7129 5713 4617 3962 3361 3159 2669 2390 2242 1941 1871 1847 1642 1602 1415 1418 1212 1301 1220 1158 1036 1024 1116 1048 973 973 944 969 907 829 855 774 787 774 830 841 905 1015 976 996 1075 1163 1294 1464 114926 274667
SLiM_04_sum.txt_boot_032.txt 54184 25047 15308 10635 7826 5971 5095 4186 3500 3140 2671 2407 2026 1868 1788 1753 1502 1412 1247 1248 1083 1136 1106 988 968 868 867 880 728 795 715 755 674 676 628 665 632 625 621 565 568 550 552 546 516 522 473 496 452 76773 31854 18323 12314 9359 7215 5781 4904 3957 3340 3091 2703 2411 2216 1977 1924 1756 1592 1510 1532 1381 1244 1265 1230 1143 1072 1067 1077 1004 1037 897 948 933 936 892 887 780 806 748 828 855 988 957 998 1020 1054 1186 1266 1403 115442 275411
SLiM_04_sum.txt_boot_033.txt 54340 24949 15027 10609 7983 6223 5075 4208 3501 3031 2640 2353 2037 1821 1723 1696 1507 1441 1226 1206 1170 1084 1042 1000 927 894 855 810 839 792 747 772 690 657 651 696 617 603 673 546 539 550 537 535 556 547 503 541 510 77301 31499 18177 12531 9205 7148 5841 4789 3933 3444 3075 2759 2402 2175 1965 1832 1729 1600 1504 1554 1488 1311 1264 1172 1130 975 1099 999 1023 995 967 966 964 945 863 847 826 740 757 883 826 920 945 926 990 1071 1197 1244 1455 115182 273907
SLiM_04_sum.txt_boot_034.txt 54403 24810 14940 10581 7888 6098 5075 4214 3533 2973 2647 2368 2089 1908 1780 1742 1460 1378 1224 1233 1104 1106 1022 999 1029 880 870 785 802 781 740 667 746 651 658 686 689 620 586 605 570 567 519 533 526 513 502 514 544 76502 31313 18367 12504 9074 7239 5686 4714 4028 3415 3022 2754 2466 2238 1957 1773 1851 1618 1515 1510 1409 1369 1256 1212 1100 1021 1057 1088 964 1015 1023 917 877 897 892 818 790 789 811 852 842 975 977 915 981 1107 1142 1299 1480 115361 275109
SLiM_04_sum.txt_boot_035.txt 54245 24906 15312 10622 7884 6061 5059 4142 3524 3068 2749 2362 2018 1799 1617 1677 1549 1400 1284 1198 1159 1139 1035 983 986 955 842 839 801 776 792 716 756 703 625 660 613 632 599 614 533 561 540 535 493 511 489 511 490 76689 31586 18285 12496 9214 7091 5788 4768 4028 3452 2997 2663 2385 2188 1966 1833 1760 1608 1530 1527 1435 1231 1275 1250 1110 1009 1101 1051 996 964 983 954 922 904 836 903 857 824 791 833 854 937 1001 953 1065 1053 1152 1240 1445 114774 274748
SLiM_04_sum.txt_boot_036.txt 54496 24708 15077 10631 7957 5956 5154 4112 3559 3120 2685 2322 2056 1838 1693 1697 1557 1487 1203 1180 1093 1107 1087 949 1024 937 784 812 765 767 696 760 748 696 660 669 622 544 637 552 531 566 541 551 504 515 492 479 553 76718 31545 18426 12543 9282 7045 5831 4733 3939 3377 3105 2649 2530 2261 1908 1813 1750 1630 1573 1455 1396 1304 1316 1197 1116 1093 1094 1096 948 1079 918 953 953 900 903 804 807 767 807 841 826 920 959 964 1049 1062 1106 1246 1387 114834 276680
SLiM_04_sum.txt_boot_037.txt 54256 24908 14996 10615 8021 6026 4993 4101 3589 2958 2694 2393 2022 1908 1762 1598 1472 1464 1261 1235 1171 1055 1026 969 963 906 824 845 776 798 657 735 693 664 626 664 624 633 632 570 543 583 534 545 503 506 474 469 495 77110 31673 18235 12524 9193 7153 5764 4687 4081 3396 3140 2674 2587 2284 2005 1792 1799 1563 1571 1464 1409 1281 1288 1115 1090 1046 1099 1145 1040 1010 1032 958 985 862 866 850 819 817 814 859 826 916 945 930 981 1020 1127 1242 1435 115290 275360
SLiM_04_sum.txt_boot_038.txt 54133 25206 15227 10563 7918 5921 5154 4184 3479 2976 2583 2344 2148 1819 1734 1684 1419 1450 1293 1226 1189 1162 1084 961 949 942 853 866 759 776 730 711 704 673 668 639 642 621 596 547 560 574 515 510 555 464 475 535 493 76728 31459 18152 12246 9213 7063 5772 4710 4038 3431 3124 2733 2453 2202 1951 1887 1775 1659 1551 1492 1379 1262 1264 1209 1136 1020 1079 1082 1042 1029 1013 929 950 901 866 873 877 793 795 843 853 964 966 990 1026 1066 1143 1250 1443 114896 274388
SLiM_04_sum.txt_boot_039.txt 53882 25041 15141 10616 7960 6040 5160 4061 3564 3045 2720 2407 2072 1867 1729 1623 1492 1411 1289 1163 1068 1112 1047 1014 959 987 821 835 788 772 729 742 731 656 666 647 536 656 635 556 567 558 514 556 541 543 483 505 467 76689 31646 18247 12314 9189 7166 5813 4705 3952 3412 3140 2751 2431 2246 2050 1820 1757 1539 1499 1496 1428 1289 1327 1177 1133 997 1108 1098 1043 1006 963 950 939 928 971 926 814 785 789 845 871 898 969 981 1094 1052 1086 1331 1454 115436 274660
SLiM_04_sum.txt_boot_040.txt 53938 24720 15276 10329 7921 6155 5079 4144 3484 3012 2602 2395 2022 1831 1742 1690 1448 1447 1254 1211 1193 1084 1029 1007 926 976 857 883 767 734 690 702 739 671 656 716 614 633 575 577 552 542 561 579 569 512 458 500 479 76879 31474 18245 12500 9234 7160 5606 4768 3982 3254 3045 2746 2420 2218 2041 1921 1761 1645 1580 1494 1452 1318 1267 1196 1180 1081 1059 1095 1030 1108 931 981 936 943 883 883 833 851 798 855 854 946 970 1006 986 1097 1178 1309 1442 115121 274804
SLiM_04_sum.txt_boot_041.txt 53807 24948 15426 10592 7981 6002 5035 4084 3485 3018 2686 2433 2071 1907 1702 1671 1527 1420 1258 1163 1167 1085 1095 1015 902 928 858 853 796 779 722 794 715 705 655 640 645 632 592 586 525 530 514 543 545 546 473 552 489 77045 31493 18193 12445 9325 7161 5763 4775 3894 3464 3041 2763 2516 2208 1943 1855 1733 1589 1517 1437 1465 1235 1244 1163 1169 981 1036 1065 983 1064 908 952 920 857 878 873 846 769 776 831 906 917 942 898 969 1025 1144 1289 1438 115163 274741
SLiM_04_sum.txt_boot_042.txt 53900 25014 15307 10561 7858 6083 5025 4140 3509 3097 2635 2381 2086 1893 1760 1633 1443 1417 1271 1173 1097 1115 1064 1004 971 878 868 821 714 741 675 704 734 698 653 708 661 626 634 539 612 580 581 512 508 484 508 526 482 77576 31571 18088 12240 9298 6994 5787 4748 3904 3490 3042 2771 2460 2183 1940 1923 1798 1536 1549 1500 1516 1239 1242 1232 1211 1065 1099 1082 1012 1006 957 1009 984 888 916 847 810 802 756 892 879 902 938 946 1029 1077 1194 1293 1474 115160 274024
SLiM_04_sum.txt_boot_043.txt 54158 25021 15106 10393 7753 5987 5111 4134 3572 3043 2664 2412 2108 1892 1762 1681 1479 1427 1212 1177 1215 1120 1088 918 969 920 850 808 764 739 687 724 696 709 636 634 677 638 639 605 492 582 510 556 550 490 506 505 474 77248 31443 18542 12371 9149 7258 5784 4733 4008 3396 3200 2662 2459 2223 1974 1852 1737 1579 1534 1434 1432 1281 1257 1176 1124 1022 1124 1063 996 1007 1009 907 934 863 846 858 824 794 764 824 862 881 921 967 974 1052 1197 1259 1378 115636 273184
SLiM_04_sum.txt_boot_044.txt 54216 24623 15249 10649 7883 5942 5052 4111 3521 2966 2740 2312 2018 1800 1767 1705 1426 1439 1272 1217 1159 1061 1121 921 944 932 864 827 787 744 733 685 723 707 672 670 667 632 653 593 540 622 538 531 540 542 466 485 484 76660 31594 18017 12301 9099 7062 5759 4688 3959 3364 3153 2664 2424 2286 1975 1846 1713 1666 1499 1486 1396 1266 1285 1231 1187 1015 1068 1073 947 1009 955 919 929 860 897 836 844 787 751 818 851 874 926 938 1019 1042 1122 1229 1471 115558 275353
SLiM_04_sum.txt_boot_045.txt 54380 25148 15408 10391 7990 5998 5186 4062 3439 2899 2725 2432 2091 1853 1651 1714 1464 1426 1248 1205 1138 1145 1155 898 960 890 817 861 753 786 685 720 696 693 641 695 625 605 657 600 555 548 517 555 556 506 480 535 465 76688 31566 18356 12496 9234 7256 5667 4677 4016 3343 3219 2775 2404 2269 2002 1823 1726 1602 1395 1444 1418 1287 1272 1244 1085 1067 1111 1086 1009 1028 1004 991 929 921 903 849 832 770 754 902 894 935 970 939 952 971 1146 1258 1378 114824 275129
SLiM_04_sum.txt_boot_046.txt 53856 24954 15449 10520 7962 5997 5050 4019 3431 2986 2691 2399 1987 1837 1765 1633 1478 1456 1182 1230 1185 1100 1057 985 978 929 823 842 781 826 681 726 711 664 678 634 682 654 595 541 509 573 507 557 504 522 499 542 538 77570 31511 18359 12488 9227 7128 5691 4722 3995 3370 3110 2731 2417 2266 2027 1823 1768 1555 1509 1448 1368 1226 1270 1183 1140 1029 1073 1113 1006 1034 962 930 963 921 912 902 846 831 745 831 813 903 955 952 982 1028 1131 1245 1307 115394 274698
SLiM_04_sum.txt_boot_047.txt 54374 25096 15408 10570 7817 6017 4974 4215 3483 3003 2662 2450 2074 1843 1731 1595 1505 1420 1166 1237 1146 1088 1069 971 989 944 797 869 801 772 642 712 742 674 651 635 632 561 617 562 552 541 518 527 519 507 524 490 473 77166 31350 18531 12393 9223 7084 5817 4750 3803 3393 3216 2698 2438 2214 2049 1812 1760 1541 1514 1490 1353 1317 1222 1217 1140 1055 1111 1126 971 966 968 982 935 907 905 855 876 783 805 815 887 890 955 984 1013 1063 1087 1318 1438 115048 274368
SLiM_04_sum.txt_boot_048.txt 53660 24921 15155 10524 7813 6046 5109 4208 3522 3093 2683 2341 2123 1855 1702 1577 1517 1374 1269 1223 1152 1103 1064 948 944 938 826 862 842 729 719 726 723 709 677 662 583 612 600 593 553 607 552 523 497 521 508 513 476 76669 31893 18430 12252 9332 7167 5788 4703 3884 3288 3163 2815 2433 2211 1971 1775 1898 1635 1539 1518 1410 1270 1334 1215 1180 1050 1147 1085 982 1037 1011 974 944 904 867 881 795 780 836 874 885 930 992 963 1012 1043 1145 1328 1409 115203 274734
SLiM_04_sum.txt_boot_049.txt 54137 24793 15556 10617 7805 6134 5122 4102 3614 3119 2616 2356 2031 1883 1683 1694 1466 1374 1259 1239 1105 1063 1028 958 980 893 802 845 768 768 686 714 708 705 678 609 605 616 617 575 508 586 517 523 501 531 518 483 502 76981 31324 18147 12485 9244 7120 5726 4764 3958 3340 3081 2671 2502 2256 2017 1858 1764 1551 1511 1485 1386 1259 1277 1174 1152 1039 1083 1090 965 1013 951 938 927 943 863 855 751 805 787 827 861 981 1026 925 970 1070 1118 1271 1404 115173 273313
SLiM_04_sum.txt_boot_050.txt 54071 24792 15115 10568 7990 6075 5066 4222 3530 3036 2678 2450 2073 1817 1704 1592 1440 1455 1214 1155 1149 1148 1018 980 972 939 799 835 754 775 696 730 707 721 675 666 594 588 588 562 521 619 534 535 554 463 493 518 491 76661 31220 18431 12483 9089 7164 5731 4684 4006 3297 3124 2705 2426 2163 2001 1917 1716 1588 1489 1542 1416 1307 1275 1207 1169 1017 1036 1129 999 984 909 937 940 855 809 894 832 807 828 772 913 891 958 954 988 1065 1073 1311 1454 114991 275056
SLiM_04_sum.txt_boot_051.txt 54109 25159 15298 10587 7822 6033 5139 4066 3634 3014 2682 2253 2121 1833 1756 1683 1485 1422 1170 1201 1073 1143 1080 1003 952 931 825 814 755 747 694 726 716 686 611 656 588 615 638 580 531 539 525 540 525 521 471 484 495 76820 31501 18433 12558 9239 7107 5750 4643 4015 3336 3100 2718 2484 2230 2014 1871 1688 1559 1527 1474 1451 1339 1274 1219 1089 1062 1076 1082 968 1000 963 921 927 917 837 874 820 769 775 852 862 881 982 1013 1015 1046 1102 1307 1456 115626 273903
SLiM_04_sum.txt_boot_052.txt 53873 24826 15148 10560 7887 6149 5053 4178 3449 3038 2612 2346 2056 1882 1826 1670 1444 1486 1278 1111 1132 1125 1054 1032 983 882 807 885 797 791 722 702 728 647 630 662 635 590 603 559 522 598 540 516 518 527 480 471 496 77070 31432 18481 12449 9283 7204 5652 4733 4021 3332 3112 2835 2478 2251 1974 1875 1772 1577 1537 1493 1451 1328 1272 1218 1122 1000 1099 1140 994 998 936 950 956 880 867 832 815 788 825 861 859 936 936 916 982 1060 1151 1302 1440 115545 274949
SLiM_04_sum.txt_boot_053.txt 53898 24840 14953 10535 7941 6133 5053 4180 3489 3077 2646 2365 2056 1844 1716 1678 1461 1454 1227 1263 1109 1154 1039 1056 945 908 854 777 748 794 703 698 666 696 653 622 590 609 658 585 499 510 571 548 527 477 503 529 527 76467 31553 18411 12540 9219 7143 5820 4785 3889 3357 3023 2774 2462 2232 1993 1860 1741 1631 1491 1487 1405 1223 1315 1174 1166 1024 1067 1069 999 1029 920 934 940 872 877 791 817 803 807 780 824 934 950 968 958 999 1132 1348 1499 115702 275383
SLiM_04_sum.txt_boot_054.txt 54282 25044 15040 10559 7922 6015 5060 4154 3490 3055 2644 2385 2071 1818 1728 1659 1458 1520 1267 1298 1099 1086 1057 981 936 921 862 832 797 783 693 687 751 655 601 650 620 611 610 563 546 565 530 504 562 491 491 471 487 76611 31324 18145 12406 9351 7135 5735 4695 3905 3319 3175 2841 2376 2221 2019 1805 1803 1520 1503 1524 1400 1231 1269 1242 1070 1025 1082 1070 1025 982 927 875 983 867 923 891 792 739 805 822 824 940 955 957 997 1065 1095 1296 1493 115368 274846
SLiM_04_sum.txt_boot_055.txt 54099 24709 15058 10247 7707 6047 5084 3959 3455 3054 2597 2421 2107 1853 1701 1645 1556 1404 1200 1263 1108 1085 1068 990 922 908 782 837 776 788 683 711 713 685 674 659 633 630 623 565 554 575 540 547 534 469 524 494 476 77187 31015 18211 12571 9172 7188 5654 4610 3900 3398 3130 2728 2417 2167 2000 1898 1748 1626 1529 1580 1431 1253 1289 1305 1119 1003 1075 1103 1022 1026 977 930 977 902 897 885 881 803 759 819 827 931 899 936 1010 1039 1167 1229 1482 115336 273494
SLiM_04_sum.txt_boot_056.txt 54392 25021 15092 10660 8000 6119 4900 4172 3457 3075 2639 2380 2083 1877 1706 1588 1415 1441 1247 1192 1156 1100 1043 993 950 885 863 800 746 733 746 675 719 702 652 662 669 616 625 571 525 600 526 552 543 506 508 500 479 76403 31741 18296 12227 9232 7294 5698 4686 3847 3494 3171 2752 2430 2180 1987 1864 1744 1640 1471 1500 1401 1296 1273 1213 1106 999 1020 1112 983 1057 998 943 920 916 922 833 809 791 801 855 830 965 994 998 972 1022 1177 1250 1393 115324 273781
SLiM_04_sum.txt_boot_057.txt 54270 25206 15117 10602 7959 5894 5059 4155 3626 3036 2689 2471 2050 1887 1655 1644 1471 1447 1284 1216 1177 1056 1057 960 977 930 830 843 790 778 666 708 692 675 593 649 613 582 637 570 527 561 545 564 527 484 453 528 500 77040 31700 18341 12446 9183 7382 5789 4830 4015 3327 3010 2754 2392 2278 1981 1909 1799 1627 1595 1540 1405 1250 1291 1148 1111 1018 1100 1055 1009 1018 920 894 948 908 868 866 849 829 786 840 858 934 937 965 952 1069 1113 1295 1422 115285 275056
SLiM_04_sum.txt_boot_058.txt 54235 24959 15253 10505 7861 6080 5009 4222 3565 3117 2668 2495 1995 1909 1640 1653 1465 1407 1195 1200 1172 1099 1089 1045 931 965 878 839 805 807 674 718 684 679 662 616 644 568 586 579 543 621 542 536 545 508 509 506 519 77167 31651 18378 12499 9156 7069 5718 4617 4004 3381 3085 2735 2451 2149 2051 1887 1729 1567 1615 1471 1422 1369 1293 1174 1111 1022 1066 1120 1058 990 950 976 926 934 922 882 807 789 803 855 932 909 1038 962 1018 1058 1136 1236 1455 115313 275634
SLiM_04_sum.txt_boot_059.txt 53968 24913 15267 10667 8000 6032 5047 4065 3522 3047 2687 2378 2099 1782 1750 1682 1477 1422 1322 1245 1136 1083 1039 987 924 952 870 850 797 788 744 708 666 667 603 638 615 649 616 581 557 562 510 513 520 533 506 520 496 77370 31635 18293 12484 9392 7066 5714 4664 3910 3430 3103 2746 2431 2267 1938 1894 1764 1496 1456 1540 1403 1245 1274 1263 1133 1018 1089 1080 1048 1031 912 972 948 872 875 773 819 747 765 907 878 936 945 957 1027 1072 1103 1278 1454 115234 275808
SLiM_04_sum.txt_boot_060.txt 53886 25106 15200 10762 8007 5969 5016 4204 3533 2965 2609 2384 2154 1890 1707 1666 1480 1373 1239 1227 1102 1078 1078 951 977 923 815 847 794 815 765 738 685 702 650 688 606 621 619 571 509 537 559 504 524 522 472 541 478 77126 31551 18553 12465 9222 7200 5662 4739 4018 3335 3117 2721 2515 2181 2013 1889 1744 1629 1457 1509 1397 1380 1280 1271 1131 974 1120 1113 1020 1056 957 894 1026 861 909 849 853 763 809 862 878 952 897 995 999 1030 1186 1283 1432 115549 275097
SLiM_04_sum.txt_boot_061.txt 53729 25076 15200 10668 7947 6075 5007 4183 3530 3045 2741 2451 2070 1835 1762 1613 1437 1409 1278 1224 1101 1123 1032 994 911 890 799 774 782 786 695 742 730 659 653 645 582 649 653 580 521 558 500 535 529 551 463 465 518 77011 31523 18303 12544 9247 7180 5711 4708 3955 3397 3150 2677 2473 2222 2002 1816 1731 1552 1552 1462 1466 1274 1252 1164 1106 966 1151 1102 999 979 990 887 939 898 936 929 842 810 783 847 835 886 934 939 948 1044 1111 1243 1476 115264 275297
SLiM_04_sum.txt_boot_062.txt 53958 24998 15101 10391 7847 5909 5003 4154 3540 3021 2709 2441 2136 1793 1752 1727 1421 1432 1206 1245 1185 1054 1129 1022 944 915 831 880 845 778 699 710 665 659 640 651 611 601 605 571 533 537 548 543 534 514 471 529 488 77407 31674 18253 12544 9007 7174 5829 4577 3970 3412 3095 2772 2479 2229 2025 1874 1774 1588 1564 1506 1387 1217 1280 1191 1104 1016 1110 1121 1013 987 949 954 899 876 875 875 798 794 785 827 810 915 968 1010 1041 989 1208 1309 1458 115036 275061
SLiM_04_sum.txt_boot_063.txt 54324 25093 15108 10652 7906 6016 4987 4222 3528 2868 2743 2438 2093 1818 1678 1703 1491 1399 1234 1170 1135 1120 1119 1033 895 917 835 809 780 851 680 669 724 704 697 697 637 600 650 595 489 531 527 500 534 533 485 457 466 77227 31384 18279 12450 9152 7111 5683 4691 3940 3360 3106 2745 2492 2215 1952 1843 1800 1516 1562 1510 1428 1244 1252 1227 1159 1049 1042 1084 980 1042 998 976 899 877 886 880 861 768 782 879 835 930 964 947 987 1056 1103 1270 1436 114950 274737
SLiM_04_sum.txt_boot_064.txt 54096 24789 15301 10653 7876 5941 5128 4160 3446 3068 2709 2378 2014 1836 1742 1686 1504 1366 1232 1225 1118 1112 1012 932 964 937 818 852 715 751 715 740 671 624 624 658 651 595 601 574 541 553 511 558 556 501 514 504 553 76768 31415 18427 12537 9128 7090 5665 4615 3977 3568 3191 2838 2452 2195 1945 1884 1788 1664 1537 1552 1420 1233 1361 1167 1107 1060 1066 1084 999 996 926 940 918 960 856 870 828 777 807 878 835 936 988 950 992 1114 1115 1327 1398 115183 275137
SLiM_04_sum.txt_boot_065.txt 53984 24947 15100 10739 8120 5841 4923 4115 3625 2949 2749 2434 2042 1779 1693 1728 1435 1521 1278 1157 1143 1045 1126 1006 1006 904 817 810 777 737 680 735 709 671 691 685 585 609 611 607 500 522 529 528 530 538 480 470 484 76726 31544 18250 12316 9158 7140 5662 4692 4036 3368 3083 2765 2478 2157 1994 1923 1829 1490 1537 1455 1439 1356 1270 1176 1068 1043 1067 1096 1006 979 957 936 955 889 863 835 808 787 811 800 813 917 965 987 1011 1076 1203 1306 1421 115131 275357
SLiM_04_sum.txt_boot_066.txt 53930 24560 15236 10515 7871 6010 5058 4075 3538 2975 2730 2353 2029 1874 1672 1675 1463 1443 1272 1198 1106 1139 1033 917 902 933 820 792 740 814 726 763 749 655 636 649 613 603 660 583 529 558 492 563 525 550 482 527 492 76826 31324 18424 12381 9083 7115 5727 4679 4042 3346 3059 2770 2414 2196 1944 1855 1784 1517 1482 1499 1469 1271 1275 1182 1106 1095 1026 1161 956 993 987 955 955 916 898 779 845 771 803 872 848 865 899 914 978 1017 1135 1294 1533 115402 273855
SLiM_04_sum.txt_boot_067.txt 54240 24833 15381 10495 7804 5985 4997 4073 3615 2989 2696 2427 2092 1919 1683 1662 1431 1408 1174 1125 1142 1147 1084 981 943 927 831 877 749 781 672 739 712 673 633 669 606 613 623 535 535 540 520 504 494 489 449 494 526 76801 31204 18576 12438 9269 7214 5761 4783 4008 3434 3103 2792 2500 2247 2006 1891 1769 1618 1569 1540 1394 1295 1309 1224 1170 1031 1070 1113 1001 1030 918 921 922 921 840 877 792 789 744 841 887 945 1041 882 980 1058 1219 1205 1475 115124 275047
SLiM_04_sum.txt_boot_068.txt 53761 25074 15206 10662 7942 6119 5085 4099 3472 3004 2676 2483 2111 1827 1729 1608 1576 1342 1206 1112 1127 1089 1074 985 961 909 849 832 783 770 666 777 734 638 657 662 648 622 616 610 582 561 523 543 513 501 496 518 482 76980 31457 18438 12362 9231 7040 5737 4762 3905 3378 3017 2727 2466 2163 2037 1888 1789 1507 1512 1508 1463 1330 1289 1214 1214 1023 1052 1081 967 1036 910 982 836 869 853 830 764 834 813 818 867 1003 976 892 1038 1064 1147 1280 1484 114813 274671
SLiM_04_sum.txt_boot_069.txt 54352 25158 15331 10498 8034 6031 5176 4182 3579 3107 2722 2427 2086 1937 1723 1675 1442 1415 1292 1178 1104 1140 1054 968 951 919 836 853 768 820 723 726 711 717 651 673 646 559 603 548 515 549 534 549 528 531 486 492 526 76846 31164 18253 12519 9335 7023 5834 4734 3871 3397 3081 2720 2385 2203 2042 1862 1757 1619 1529 1495 1420 1219 1294 1226 1150 1011 1046 1117 1026 998 930 941 965 901 889 843 855 744 759 889 833 916 998 1008 971 1098 1071 1301 1458 115254 274097
SLiM_04_sum.txt_boot_070.txt 54340 25037 15386 10585 8070 5888 5126 4169 3521 2971 2568 2391 2075 1812 1689 1625 1485 1447 1210 1251 1184 1067 1084 983 972 889 836 827 797 748 687 704 760 700 641 637 629 588 625 587 548 554 558 543 555 498 490 517 437 77083 31058 18330 12475 9185 7187 5771 4662 4022 3372 3125 2771 2407 2297 2011 1838 1761 1580 1526 1493 1459 1251 1225 1232 1138 1053 1150 1092 999 1050 927 965 940 869 838 790 864 797 761 834 852 872 917 915 953 1023 1149 1279 1393 115847 275485
SLiM_04_sum.txt_boot_071.txt 54554 24693 15251 10675 8018 6150 4988 4137 3576 3007 2599 2403 2074 1855 1647 1636 1526 1416 1237 1220 1159 1093 1071 1013 1024 896 836 863 843 768 685 710 680 713 648 706 635 678 660 573 535 546 482 551 515 495 496 493 513 77185 31349 18234 12464 9126 7183 5729 4609 3985 3332 3220 2736 2355 2354 2033 1884 1782 1613 1533 1420 1416 1256 1260 1212 1139 1022 1078 1060 987 1054 919 934 920 924 886 842 839 799 825 821 871 929 942 961 983 1049 1119 1282 1516 114851 274469
SLiM_04_sum.txt_boot_072.txt 54141 24748 15161 10627 7888 6145 5126 4108 3539 3083 2697 2412 2083 1828 1734 1632 1544 1300 1236 1171 1179 1078 1092 999 1037 932 840 889 762 799 726 703 768 680 649 650 637 582 595 555 538 580 477 546 516 511 534 506 478 76683 31800 18277 12461 9213 7107 5588 4686 4004 3318 3129 2730 2545 2204 2064 1894 1832 1590 1542 1482 1417 1346 1296 1163 1095 999 1069 1015 1013 1050 929 995 918 908 851 821 837 820 757 805 857 875 984 933 1025 1108 1146 1264 1349 115113 275539
SLiM_04_sum.txt_boot_073.txt 53936 25291 15291 10793 7908 6092 5076 4190 3501 3059 2597 2450 1959 1883 1676 1618 1431 1439 1290 1265 1141 1094 1040 1004 935 952 841 849 743 778 717 699 724 663 652 660 613 597 636 503 522 588 532 558 530 537 513 522 469 76867 31809 18408 12530 9101 7239 5687 4691 4070 3385 3100 2783 2484 2160 2036 1867 1763 1626 1575 1548 1424 1308 1257 1236 1039 1009 1089 1059 981 1040 895 947 920 938 880 885 927 798 761 866 875 883 995 977 962 1037 1189 1212 1448 115317 274908
SLiM_04_sum.txt_boot_074.txt 54249 25167 14996 10783 7940 6063 5030 4194 3427 2995 2658 2471 2118 1914 1655 1635 1463 1434 1253 1185 1128 1126 1046 962 959 928 839 820 782 778 716 715 713 654 656 611 623 596 636 559 555 583 511 558 533 510 476 508 479 77228 31473 18280 12280 9295 7052 5646 4655 3922 3429 3058 2752 2455 2240 2006 1863 1782 1558 1496 1519 1416 1303 1300 1311 1086 1008 1113 1103 1050 994 975 952 908 888 813 895 894 780 742 778 876 943 900 979 1009 1040 1112 1247 1414 115381 275753
SLiM_04_sum.txt_boot_075.txt 54225 25075 15228 10568 7850 5995 5048 4170 3476 3025 2701 2314 2100 1877 1721 1695 1409 1424 1156 1210 1140 1056 1044 987 977 950 804 851 784 827 706 673 701 648 627 639 626 591 594 553 539 590 571 510 533 508 512 534 480 76630 31533 18096 12537 9290 7237 5653 4775 3976 3285 3074 2677 2407 2193 2056 1879 1779 1654 1509 1519 1415 1190 1273 1214 1139 1060 1035 1065 1019 977 927 939 961 918 943 811 792 790 811 844 923 934 1018 949 986 1063 1160 1270 1374 115108 274645
SLiM_04_sum.txt_boot_076.txt 54076 24982 15265 10641 7840 6088 5150 4255 3624 3060 2655 2466 2043 1825 1633 1650 1451 1442 1244 1237 1089 1138 1024 984 956 972 806 793 764 793 710 743 706 704 644 649 628 611 658 551 600 566 478 536 542 507 529 469 499 77469 31034 18471 12807 9164 7098 5752 4584 3906 3384 3131 2740 2491 2249 1949 1833 1673 1599 1514 1482 1423 1280 1330 1149 1162 1001 1081 1091 980 962 992 978 983 923 884 906 875 801 769 801 880 910 950 1009 1028 1069 1149 1278 1443 115874 274968
SLiM_04_sum.txt_boot_077.txt 53991 25135 15524 10533 8057 6026 5026 4167 3540 3029 2718 2463 2057 1822 1707 1626 1503 1358 1278 1183 1102 1076 1029 962 878 957 830 880 788 764 709 728 741 661 650 608 661 629 605 549 513 538 513 535 513 499 471 511 475 76860 31633 18494 12410 9169 7014 5804 4641 3858 3387 3045 2753 2468 2153 1955 1821 1806 1548 1518 1447 1440 1314 1283 1171 1150 1115 1083 1089 1004 1005 948 956 971 912 902 830 804 826 764 800 885 891 898 985 1079 1080 1114 1288 1361 115761 274081
SLiM_04_sum.txt_boot_078.txt 54490 25102 15509 10450 8007 6013 5056 4149 3484 3139 2714 2276 2015 1833 1674 1688 1370 1428 1244 1207 1160 1115 1089 1041 928 966 814 850 789 743 676 710 742 704 627 677 612 609 650 580 542 530 539 598 546 522 455 517 486 77281 31532 18596 12792 9322 7265 5718 4654 4004 3310 3075 2781 2542 2229 2090 1802 1771 1593 1466 1476 1389 1253 1260 1177 1140 1062 1059 1037 970 1014 929 975 940 905 862 842 816 785 780 889 874 898 992 951 964 1071 1160 1261 1439 115367 275754
SLiM_04_sum.txt_boot_079.txt 54426 25159 15079 10480 7753 5985 5072 4118 3627 3030 2666 2390 2080 1932 1711 1684 1495 1383 1189 1145 1209 1140 1028 1002 920 936 839 850 817 775 732 740 725 672 669 693 583 635 624 605 520 557 532 554 525 479 488 532 520 77344 31317 18627 12481 9171 7337 5692 4670 3882 3439 3177 2767 2481 2207 1999 1985 1761 1576 1502 1518 1498 1294 1211 1281 1115 1039 1111 1128 984 999 915 1012 968 956 887 858 844 790 766 851 878 925 1010 894 1052 1072 1153 1255 1404 115680 274573
SLiM_04_sum.txt_boot_080.txt 54049 24973 15169 10500 7844 6095 5182 4076 3565 3132 2752 2344 2059 1878 1700 1619 1465 1381 1250 1186 1100 1111 1056 1027 966 982 793 899 795 788 752 709 685 707 703 649 613 562 652 586 559 538 543 502 533 503 486 547 470 77650 31123 18218 12432 9216 7329 5706 4634 3991 3440 3040 2743 2510 2199 1942 1912 1832 1575 1561 1592 1498 1282 1212 1207 1107 1025 1108 1123 1041 978 932 992 900 894 883 866 876 751 754 804 827 950 1020 941 1008 973 1064 1228 1474 115355 275060
SLiM_04_sum.txt_boot_081.txt 53841 24927 15273 10531 8016 6068 5042 4129 3548 3053 2621 2400 2183 1910 1704 1579 1486 1449 1242 1208 1179 1024 1036 966 973 900 837 805 774 722 722 740 691 674 632 677 645 596 648 549 565 571 530 546 540 526 481 534 537 77107 31714 18580 12646 9283 7172 5788 4682 3946 3327 3182 2763 2438 2266 1995 1873 1717 1602 1505 1546 1433 1215 1332 1159 1163 1031 1103 1091 1021 1042 926 985 936 929 922 904 875 737 779 848 858 914 959 965 1015 1057 1176 1324 1452 114969 275192
SLiM_04_sum.txt_boot_082.txt 54284 25058 15138 10523 7935 6056 5056 4107 3456 2952 2701 2487 2087 1910 1698 1649 1459 1414 1253 1205 1190 1119 1041 1048 979 880 819 805 791 785 707 743 711 668 655 701 618 679 635 603 561 570 578 511 533 532 490 466 472 76764 31522 18209 12469 9188 7234 5667 4710 3885 3424 3161 2724 2549 2328 1987 1784 1809 1562 1463 1461 1400 1314 1258 1178 1151 1008 1060 1072 964 1024 987 967 895 893 877 847 820 791 778 845 891 902 995 989 1055 1134 1110 1271 1402 114796 274680
SLiM_04_sum.txt_boot_083.txt 54006 24947 15232 10399 7975 6057 5020 4246 3411 3078 2633 2348 2024 1836 1807 1671 1464 1468 1209 1176 1117 1098 1060 1038 987 892 800 816 732 797 707 707 758 664 667 696 600 621 556 546 551 566 521 573 505 576 507 541 499 76422 31668 18189 12595 9173 7082 5852 4775 3928 3449 3137 2777 2481 2162 1997 1818 1809 1568 1526 1521 1402 1212 1279 1199 1114 1038 1025 1116 1025 993 1051 967 937 947 821 827 794 790 771 819 849 918 1003 883 1027 1094 1098 1253 1470 115296 273778
SLiM_04_sum.txt_boot_084.txt 53940 24921 15274 10697 8073 5818 5152 4177 3582 3058 2728 2391 2037 1898 1708 1640 1417 1390 1282 1218 1112 1151 1099 993 1016 929 813 783 800 807 704 718 692 684 649 682 685 636 689 534 539 598 506 503 529 534 489 512 465 76683 31670 18164 12226 9170 7176 5729 4716 3990 3503 3159 2745 2456 2210 1986 1861 1810 1611 1530 1481 1482 1342 1227 1156 1114 1053 1070 1092 1013 942 986 910 926 891 887 837 787 773 787 858 832 920 995 1003 987 1010 1151 1243 1395 115286 275783
SLiM_04_sum.txt_boot_085.txt 54654 25110 15040 10840 7917 6087 4981 4239 3514 2999 2577 2407 2031 1896 1760 1704 1422 1409 1300 1184 1173 1152 1092 908 986 933 853 801 767 801 754 621 702 681 678 653 615 596 595 544 524 561 525 503 498 509 482 507 490 76967 31318 18246 12466 9176 7246 5890 4702 4009 3454 3205 2817 2464 2261 2033 1882 1794 1651 1574 1534 1444 1288 1258 1211 1157 1001 1052 1028 1035 984 958 936 933 900 865 850 873 776 742 779 830 952 1040 963 952 1024 1154 1258 1437 115134 275264
SLiM_04_sum.txt_boot_086.txt 54377 24980 15071 10638 8032 6074 5090 4083 3379 2959 2697 2298 2017 1905 1731 1649 1466 1433 1295 1190 1111 1167 1065 985 963 862 837 828 809 770 737 714 705 660 656 674 640 600 626 552 608 552 510 531 547 511 497 506 529 76606 31392 18591 12703 9380 7153 5747 4785 3959 3404 3116 2756 2480 2296 2005 1877 1765 1654 1643 1523 1378 1292 1283 1209 1119 1007 1069 1088 963 999 1020 942 942 957 880 836 832 704 840 841 846 898 987 982 1019 946 1190 1243 1459 114735 275038
SLiM_04_sum.txt_boot_087.txt 54168 24990 15283 10602 7907 6134 5030 4184 3562 2951 2678 2362 2020 1820 1749 1663 1522 1406 1240 1231 1135 1106 1046 978 940 952 830 820 806 773 736 732 744 675 631 645 569 594 642 563 558 549 522 539 555 522 524 519 498 77227 31704 18135 12482 9509 7154 5830 4685 4071 3368 3057 2708 2493 2196 2080 1832 1791 1590 1488 1506 1372 1339 1262 1190 1119 1015 1041 1111 1034 987 918 937 933 926 879 852 815 769 771 898 784 921 954 970 1046 1109 1144 1321 1401 115119 274993
SLiM_04_sum.txt_boot_088.txt 53899 24920 15372 10513 7878 6019 4983 4197 3531 3036 2601 2433 1995 1881 1712 1581 1467 1422 1255 1175 1090 1151 1067 1020 900 857 827 839 761 777 707 769 751 699 642 713 589 629 599 613 516 571 553 548 530 493 465 455 537 77075 31297 18466 12523 9103 7039 5840 4754 4049 3413 3061 2763 2437 2280 1951 1810 1804 1624 1624 1519 1429 1343 1286 1217 1116 1076 1087 1140 977 1009 957 971 890 878 914 808 798 781 702 879 873 865 923 936 981 1083 1172 1318 1471 115173 273944
SLiM_04_sum.txt_boot_089.txt 54130 24848 15166 10610 7939 6126 5064 4120 3492 2940 2527 2388 2176 1856 1693 1650 1535 1391 1245 1200 1143 1055 1059 1057 1003 876 843 857 740 775 666 715 677 724 650 699 620 641 639 595 541 567 527 531 531 500 484 548 503 77215 31670 18184 12317 9262 7214 5659 4692 3979 3506 3076 2725 2420 2273 1993 1803 1802 1498 1570 1519 1479 1267 1247 1246 1159 1026 1081 1065 995 1031 924 913 928 887 877 807 820 784 805 855 852 953 997 981 1042 1051 1133 1247 1460 115196 274018
SLiM_04_sum.txt_boot_090.txt 54413 24767 15264 10705 7896 6049 5216 4194 3421 3032 2678 2460 2030 1802 1769 1631 1463 1447 1193 1214 1160 1075 1074 983 968 922 802 850 796 758 726 728 692 692 693 680 674 614 630 564 551 573 499 515 500 510 489 459 496 76854 31621 18172 12289 9301 7216 5744 4753 3984 3406 3077 2801 2416 2341 2048 1814 1736 1587 1495 1562 1442 1279 1271 1190 1110 1081 1091 1113 1011 1049 972 959 953 926 904 837 778 789 742 898 849 915 944 911 990 1036 1141 1271 1452 115139 275044
SLiM_04_sum.txt_boot_091.txt 53984 24771 15182 10624 7936 6035 5046 4111 3489 3104 2671 2413 2028 1857 1705 1629 1469 1379 1203 1173 1164 1062 1062 976 909 839 857 811 805 808 743 710 698 689 640 661 644 581 623 538 558 560 543 551 562 542 515 520 523 77082 31394 18526 12405 9206 7260 5702 4722 3878 3306 3095 2718 2387 2270 2024 1884 1699 1640 1514 1534 1475 1291 1313 1203 1118 1065 1096 1039 1008 1000 952 928 946 932 879 801 829 782 760 870 862 920 967 940 1030 1082 1084 1255 1440 115168 275424
SLiM_04_sum.txt_boot_092.txt 54182 25131 15090 10593 7838 5980 5036 4120 3563 3025 2650 2419 2020 1948 1723 1671 1437 1377 1233 1145 1119 1102 1082 950 930 912 834 826 782 818 758 715 709 708 686 696 584 652 625 556 549 588 535 571 524 504 501 519 455 76383 31706 18509 12690 9200 7204 5672 4647 3935 3412 3143 2752 2530 2198 1993 1816 1731 1617 1472 1477 1436 1315 1289 1301 1111 1076 1142 1124 1037 1005 943 953 922 899 863 894 819 761 779 817 808 904 937 988 1026 1084 1108 1214 1436 115317 275382
SLiM_04_sum.txt_boot_093.txt 54257 24862 15130 10570 7858 5924 5222 4222 3465 3029 2736 2397 2024 1836 1752 1618 1458 1399 1247 1178 1093 1070 1077 991 943 953 813 825 816 770 672 733 717 708 639 676 638 643 627 539 584 571 513 571 518 536 468 537 469 76574 31458 18202 12544 9369 7202 5762 4872 4019 3408 3100 2781 2427 2281 2047 1872 1717 1607 1584 1509 1412 1285 1295 1195 1219 983 1089 1029 1006 1038 894 922 907 830 858 842 816 800 758 853 861 914 991 925 973 1048 1146 1267 1439 115236 275283
SLiM_04_sum.txt_boot_094.txt 54369 24676 15339 10741 8035 6048 5098 4150 3612 2960 2766 2357 2064 1799 1761 1629 1446 1393 1201 1179 1149 1090 1039 974 933 942 819 774 795 756 721 748 745 676 639 669 606 568 600 581 515 581 537 566 517 507 478 535 528 76544 31341 18336 12512 9201 7138 5692 4667 3996 3392 3155 2767 2581 2253 1992 1788 1794 1586 1530 1466 1380 1272 1234 1199 1096 1019 1088 1097 992 952 890 937 869 913 862 856 817 809 803 822 878 902 954 999 1025 1045 1163 1290 1497 115286 274915
SLiM_04_sum.txt_boot_095.txt 54214 24851 15246 10653 8092 6097 4993 4183 3459 2993 2690 2405 2071 1892 1728 1667 1488 1416 1257 1201 1130 1177 1063 947 971 940 826 873 800 765 694 698 664 739 650 695 581 636 624 611 536 564 541 530 505 519 512 486 456 76945 31643 18479 12462 9153 7353 5709 4611 3902 3364 3164 2791 2313 2242 1986 1793 1774 1675 1545 1521 1369 1275 1298 1189 1122 1059 1091 1071 1025 987 950 994 1004 855 880 886 802 826 727 804 789 921 1002 925 972 1029 1138 1309 1408 115268 274243
SLiM_04_sum.txt_boot_096.txt 54352 24914 15403 10527 7750 6103 5047 4227 3593 3028 2728 2461 2089 1849 1672 1698 1527 1431 1235 1167 1102 1098 1003 954 913 923 868 870 807 798 674 718 776 690 695 691 625 614 620 588 518 608 538 523 541 508 461 468 524 77164 31211 18215 12442 9309 7192 5802 4682 3913 3359 3123 2765 2465 2191 1975 1894 1683 1629 1480 1491 1413 1199 1294 1221 1148 980 1079 1119 1012 1029 969 951 930 909 861 823 854 787 791 847 851 938 948 912 1079 1030 1222 1312 1406 115301 274895
SLiM_04_sum.txt_boot_097.txt 54102 24977 15391 10495 8089 5927 5028 4203 3453 3086 2684 2367 2100 1833 1671 1652 1447 1445 1283 1165 1069 1066 1059 956 951 921 787 848 768 713 700 713 724 712 663 651 631 638 637 552 533 563 527 539 548 515 452 510 495 77091 31458 18222 12509 9117 7122 5698 4655 3980 3357 3047 2774 2420 2304 1975 1899 1764 1610 1496 1468 1415 1306 1314 1216 1141 1088 1055 1136 969 1028 898 993 919 895 831 849 833 804 810 847 885 908 964 923 1012 1039 1164 1285 1348 114295 274618
SLiM_04_sum.txt_boot_098.txt 54336 25019 15213 10760 7856 6085 5108 4278 3503 3001 2576 2399 2080 1857 1796 1672 1463 1406 1200 1142 1157 1142 1066 979 955 892 828 843 765 818 693 711 743 674 586 711 616 653 618 546 530 579 528 551 508 539 490 489 512 76611 31568 18281 12311 9162 7187 5774 4743 3870 3282 3166 2747 2492 2207 2025 1785 1713 1591 1526 1461 1371 1278 1292 1226 1144 1018 1062 1069 969 975 983 966 943 923 872 844 838 838 785 846 855 854 948 929 969 1076 1233 1229 1396 115278 274700
SLiM_04_sum.txt_boot_099.txt 53976 25030 15109 10567 8050 6136 5155 4220 3534 2996 2790 2428 2082 1835 1684 1687 1482 1429 1223 1182 1124 1135 1052 1006 953 945 820 824 681 714 777 736 696 673 653 627 655 608 646 544 556 549 522 515 562 511 491 505 492 76823 31563 18423 12390 9261 7217 5719 4757 3989 3378 3035 2744 2470 2263 2042 1869 1839 1639 1558 1390 1412 1272 1223 1204 1141 1022 1060 1095 1014 1037 962 997 960 898 900 884 845 819 752 859 915 925 992 952 1023 1045 1129 1255 1416 115413 275034
SLiM_04_sum.txt_boot_100.txt 53950 24955 15267 10733 7961 5973 4921 4169 3513 2987 2709 2353 2018 1777 1753 1643 1456 1362 1249 1206 1189 1087 1063 1017 954 864 840 847 811 751 724 739 706 672 642 645 625 643 617 588 562 567 538 588 520 519 475 508 459 76814 30974 18332 12428 9001 7221 5617 4700 3863 3372 3171 2766 2486 2216 2006 1911 1837 1507 1570 1397 1339 1276 1340 1212 1080 1074 1099 1088 979 1015 951 991 1011 919 862 901 834 834 800 840 881 907 1004 962 977 1040 1124 1287 1442 115324 274951
