scenario Pi.Syn1 Pi.Syn2 Pi.Syn3 Pi.Syn4 Pi.Syn5 Pi.Syn6 Pi.Syn7 Pi.Syn8 Pi.Syn9 Pi.Syn10 Pi.Syn11 Pi.Syn12 Pi.Syn13 Pi.Syn14 Pi.Syn15 Pi.Syn16 Pi.Syn17 Pi.Syn18 Pi.Syn19 Pi.Syn20 Pi.Syn21 Pi.Syn22 Pi.Syn23 Pi.Syn24 Pi.Syn25 Pi.Syn26 Pi.Syn27 Pi.Syn28 Pi.Syn29 Pi.Syn30 Pi.Syn31 Pi.Syn32 Pi.Syn33 Pi.Syn34 Pi.Syn35 Pi.Syn36 Pi.Syn37 Pi.Syn38 Pi.Syn39 Pi.Syn40 Pi.Syn41 Pi.Syn42 Pi.Syn43 Pi.Syn44 Pi.Syn45 Pi.Syn46 Pi.Syn47 Pi.Syn48 Pi.Syn49 Pi.NSyn1 Pi.NSyn2 Pi.NSyn3 Pi.NSyn4 Pi.NSyn5 Pi.NSyn6 Pi.NSyn7 Pi.NSyn8 Pi.NSyn9 Pi.NSyn10 Pi.NSyn11 Pi.NSyn12 Pi.NSyn13 Pi.NSyn14 Pi.NSyn15 Pi.NSyn16 Pi.NSyn17 Pi.NSyn18 Pi.NSyn19 Pi.NSyn20 Pi.NSyn21 Pi.NSyn22 Pi.NSyn23 Pi.NSyn24 Pi.NSyn25 Pi.NSyn26 Pi.NSyn27 Pi.NSyn28 Pi.NSyn29 Pi.NSyn30 Pi.NSyn31 Pi.NSyn32 Pi.NSyn33 Pi.NSyn34 Pi.NSyn35 Pi.NSyn36 Pi.NSyn37 Pi.NSyn38 Pi.NSyn39 Pi.NSyn40 Pi.NSyn41 Pi.NSyn42 Pi.NSyn43 Pi.NSyn44 Pi.NSyn45 Pi.NSyn46 Pi.NSyn47 Pi.NSyn48 Pi.NSyn49 Div.Syn Div.Nsyn
SLiM_06_sum.txt 24184 11889 7879 6085 4710 3846 3345 2998 2592 2404 2162 1947 1788 1736 1614 1439 1425 1308 1267 1156 1145 1052 922 965 968 902 869 900 832 785 731 756 699 667 615 678 613 584 579 536 510 514 552 559 510 495 535 488 499 37147 16222 10077 7366 5636 4572 3976 3256 3003 2614 2370 2188 1971 1810 1721 1634 1511 1428 1243 1275 1245 1133 1130 1087 993 1000 956 937 904 833 882 868 897 790 765 758 807 822 786 728 770 758 801 823 817 858 937 1010 990 119991 278573
SLiM_06_sum.txt_boot_001.txt 24125 11800 7880 6107 4732 3817 3343 2987 2575 2438 2141 1919 1721 1701 1557 1428 1340 1377 1278 1238 1170 1024 887 986 963 928 847 880 842 769 715 773 697 639 587 721 668 608 564 523 492 558 546 535 500 507 510 494 518 37309 16217 10053 7212 5655 4538 4014 3229 2958 2652 2422 2301 1968 1801 1746 1677 1593 1368 1238 1245 1302 1151 1112 1025 991 1027 926 943 904 867 886 877 930 821 777 820 855 814 782 704 767 750 795 810 818 860 977 977 1021 120322 278821
SLiM_06_sum.txt_boot_002.txt 24201 11954 7933 5986 4652 3744 3385 3032 2512 2384 2214 1880 1722 1721 1561 1470 1446 1248 1242 1071 1157 1007 958 962 984 888 890 900 841 760 778 694 760 632 619 669 614 568 550 509 534 480 549 580 507 520 525 469 497 37206 16082 9899 7465 5704 4488 4040 3223 3033 2654 2438 2204 1975 1818 1739 1611 1509 1403 1203 1262 1262 1129 1134 1084 945 994 957 894 927 813 896 820 879 787 750 716 807 768 807 728 733 686 812 845 815 877 938 1016 1000 120012 278759
SLiM_06_sum.txt_boot_003.txt 24157 12118 7866 6082 4779 3740 3343 2968 2747 2357 2229 1859 1802 1715 1634 1476 1497 1298 1336 1251 1157 1048 941 957 945 897 884 886 848 801 671 735 678 708 637 656 625 608 568 505 497 522 542 553 507 482 530 486 527 37415 16495 10049 7528 5638 4575 4038 3185 3047 2634 2390 2168 2020 1840 1716 1668 1479 1459 1228 1261 1283 1133 1121 1116 1029 996 906 950 940 794 872 890 876 766 795 734 722 802 768 719 754 757 815 843 805 833 912 1035 940 119682 278107
SLiM_06_sum.txt_boot_004.txt 24160 11706 7966 6077 4662 3849 3304 3035 2582 2323 2190 2001 1792 1706 1643 1484 1370 1302 1222 1115 1112 1045 956 879 1007 931 852 865 831 752 748 763 690 699 614 681 623 543 594 530 506 508 551 557 517 469 544 527 520 36982 16417 10169 7334 5754 4605 4014 3225 3149 2674 2348 2119 1930 1874 1691 1604 1529 1468 1281 1297 1222 1091 1118 1048 982 1028 928 1022 879 850 821 882 887 836 782 740 785 833 782 723 795 747 844 807 829 869 934 1066 1000 120339 279013
SLiM_06_sum.txt_boot_005.txt 24297 12022 8102 5944 4701 3856 3350 3121 2596 2387 2140 1955 1801 1740 1585 1513 1411 1301 1255 1199 1115 1073 913 961 989 940 875 930 828 825 770 776 717 695 636 677 595 597 594 542 523 522 600 530 531 457 530 513 504 37139 16034 10225 7313 5618 4649 3945 3363 3036 2621 2360 2229 1950 1880 1781 1697 1441 1466 1193 1215 1256 1069 1078 1025 991 1028 939 978 864 860 872 857 849 805 782 724 812 799 767 780 758 783 820 812 846 867 974 1011 1008 120168 278524
SLiM_06_sum.txt_boot_006.txt 24366 11899 7843 6100 4675 3821 3305 3086 2588 2368 2085 1990 1816 1830 1597 1536 1444 1328 1307 1201 1233 1090 950 887 973 899 849 932 851 768 739 788 670 683 642 682 640 556 578 547 489 491 537 567 519 494 527 451 488 37179 16184 10040 7353 5746 4485 4022 3224 2953 2575 2293 2195 1985 1831 1682 1660 1490 1442 1224 1243 1214 1133 1118 1154 1008 1061 931 942 890 805 871 880 939 770 745 752 825 816 784 726 783 792 809 834 806 804 927 1034 961 120289 277948
SLiM_06_sum.txt_boot_007.txt 24089 12104 7938 6060 4778 4000 3316 3010 2615 2464 2216 1954 1709 1738 1655 1413 1344 1279 1185 1141 1183 1072 909 991 939 890 902 895 844 720 682 791 742 630 629 714 585 620 552 546 474 506 610 564 508 485 561 506 469 37011 16013 10015 7369 5633 4491 3994 3200 2996 2604 2373 2237 2025 1775 1748 1658 1467 1375 1169 1334 1270 1130 1137 1065 1032 941 960 956 912 818 871 877 858 776 760 798 808 841 764 726 768 733 750 824 801 915 916 1033 1062 120336 278298
SLiM_06_sum.txt_boot_008.txt 24031 11897 7952 6046 4667 3843 3408 3024 2518 2407 2133 1917 1753 1761 1599 1402 1439 1387 1240 1179 1120 1058 890 981 1035 912 817 946 866 750 742 771 703 674 584 648 604 599 569 535 487 493 541 603 511 505 552 481 529 37081 16173 10083 7413 5575 4622 3980 3311 3056 2746 2326 2108 2053 1818 1705 1645 1476 1455 1213 1234 1289 1075 1093 1068 1021 1015 958 887 875 831 873 868 895 783 776 711 796 842 760 680 775 725 786 848 853 843 976 1057 976 119786 278645
SLiM_06_sum.txt_boot_009.txt 24276 11836 7872 6054 4752 3899 3326 2938 2633 2446 2150 1983 1784 1737 1616 1393 1385 1278 1251 1141 1100 1088 919 937 1001 836 927 920 837 757 699 778 725 661 658 662 626 589 558 502 509 492 587 564 493 477 491 480 531 36797 16204 9994 7276 5574 4503 3931 3301 2936 2600 2423 2236 2023 1806 1819 1639 1488 1441 1242 1282 1270 1133 1133 1075 998 950 1035 941 921 861 875 881 945 797 779 755 805 823 760 715 761 735 841 818 830 852 950 996 1027 120725 279080
SLiM_06_sum.txt_boot_010.txt 24161 11857 7837 6019 4677 3903 3297 3057 2553 2359 2113 2020 1731 1687 1637 1439 1425 1315 1244 1110 1144 1075 898 971 992 937 826 927 836 740 760 708 686 704 591 706 608 547 594 531 517 498 539 586 505 481 549 486 494 36858 16278 10189 7291 5736 4568 4071 3304 2989 2628 2279 2206 1953 1826 1673 1648 1608 1455 1263 1310 1223 1096 1117 1097 981 1003 958 940 913 883 856 848 912 773 762 717 754 840 749 766 775 725 772 814 872 846 953 1014 1030 119924 279392
SLiM_06_sum.txt_boot_011.txt 24118 11854 7955 6067 4768 3830 3345 2975 2697 2384 2141 2003 1766 1645 1588 1404 1304 1357 1241 1104 1142 1056 917 916 933 916 899 845 836 788 708 725 701 687 556 699 611 569 602 555 558 493 580 568 491 477 513 504 511 36873 16339 9860 7290 5641 4579 4042 3335 2950 2616 2314 2167 1971 1878 1726 1549 1514 1389 1289 1260 1237 1104 1114 1088 982 1009 940 965 906 827 853 878 910 816 718 761 824 803 751 686 742 742 790 818 873 838 954 1044 980 119979 277975
SLiM_06_sum.txt_boot_012.txt 24252 11976 7834 6102 4797 3780 3417 3040 2598 2421 2173 1931 1815 1742 1577 1406 1410 1237 1254 1094 1157 1059 961 957 937 918 903 856 812 750 707 731 686 665 636 683 638 580 554 523 469 508 542 557 543 466 543 487 497 36866 16088 10140 7252 5659 4582 4010 3285 3018 2626 2316 2238 2015 1785 1705 1659 1534 1413 1185 1353 1263 1183 1084 1062 949 1006 963 978 880 808 891 879 903 766 769 687 787 776 765 731 761 701 805 823 851 858 906 1050 984 120462 279303
SLiM_06_sum.txt_boot_013.txt 24077 11905 7974 6065 4681 3797 3381 2955 2579 2433 2112 1906 1779 1768 1625 1454 1402 1271 1247 1152 1131 1058 904 954 966 867 845 867 833 716 752 751 657 613 609 633 590 626 530 544 529 494 552 545 499 477 519 527 497 37156 16024 10109 7377 5618 4494 3896 3199 3014 2647 2312 2049 1923 1848 1699 1612 1542 1382 1214 1304 1253 1198 1150 1137 973 960 947 971 879 827 888 835 880 855 802 707 828 816 820 761 739 766 778 843 817 876 938 1025 939 119637 278460
SLiM_06_sum.txt_boot_014.txt 24256 11857 7685 6000 4775 3800 3317 3011 2591 2405 2161 1939 1790 1719 1638 1395 1441 1322 1307 1084 1168 1030 883 1009 953 876 895 886 832 787 753 740 691 644 606 676 583 592 571 572 520 504 504 562 519 473 483 493 531 37096 16136 10118 7288 5688 4580 3918 3190 2995 2624 2398 2259 1997 1801 1697 1656 1599 1492 1240 1282 1258 1169 1142 1063 1014 1000 948 976 886 778 911 890 881 777 787 746 890 852 806 704 778 729 813 808 831 824 904 1017 1001 120488 278088
SLiM_06_sum.txt_boot_015.txt 24091 11609 7987 5994 4766 3761 3345 2968 2619 2419 2196 1923 1798 1762 1630 1485 1443 1275 1246 1083 1129 1092 936 978 987 891 884 867 863 800 719 720 700 671 632 660 617 547 534 551 536 550 567 543 539 494 530 473 495 36986 16196 9991 7304 5638 4630 3961 3203 3022 2590 2407 2096 2001 1734 1670 1635 1536 1496 1211 1196 1278 1141 1119 1127 1073 1014 971 911 880 843 865 856 924 769 696 765 763 873 773 704 820 779 774 808 798 834 910 1006 1031 119686 279242
SLiM_06_sum.txt_boot_016.txt 24413 11744 7745 6117 4707 3925 3364 2893 2633 2350 2125 1865 1807 1766 1595 1339 1407 1280 1294 1179 1140 1025 916 945 988 892 911 883 844 810 745 733 715 637 637 659 640 588 570 550 507 528 536 581 520 487 569 513 496 37095 16388 10190 7350 5602 4715 3871 3168 3044 2605 2302 2281 1976 1755 1725 1687 1445 1359 1229 1296 1221 1079 1128 1122 980 974 946 970 893 848 876 900 960 762 819 807 777 825 798 697 805 782 790 835 829 817 977 1006 975 119526 278485
SLiM_06_sum.txt_boot_017.txt 24489 11811 7919 6224 4594 3820 3424 3038 2677 2457 2110 1971 1765 1764 1616 1450 1399 1346 1247 1147 1138 1056 904 1002 942 858 824 905 825 798 712 747 724 645 595 712 596 565 609 570 500 525 530 541 522 501 486 518 542 37375 16146 10152 7359 5617 4636 4048 3289 3039 2638 2401 2135 1945 1775 1760 1632 1500 1482 1219 1265 1270 1204 1176 1031 1015 1043 968 946 830 785 864 910 869 806 736 759 795 843 771 740 794 718 793 806 779 815 920 1008 929 119500 279642
SLiM_06_sum.txt_boot_018.txt 24275 11968 7871 6019 4743 3867 3345 2917 2619 2415 2187 1934 1756 1626 1620 1450 1478 1254 1338 1159 1199 1039 931 995 952 866 824 881 835 788 760 804 695 707 578 689 601 572 588 524 542 526 543 557 523 524 520 469 480 36941 16077 9949 7460 5705 4583 4050 3191 2940 2668 2413 2143 2004 1910 1740 1692 1518 1421 1220 1257 1242 1128 1166 1054 962 968 935 969 883 794 872 867 869 840 786 746 862 820 790 727 756 770 780 755 797 848 917 1007 1039 119903 278505
SLiM_06_sum.txt_boot_019.txt 24424 11922 7968 5980 4767 3941 3391 3028 2596 2383 2095 1986 1729 1773 1521 1412 1444 1297 1247 1124 1137 1028 887 1048 958 918 823 859 874 757 719 751 746 714 641 688 616 573 556 530 453 480 540 569 490 491 535 450 549 37239 16469 9963 7479 5691 4478 3982 3247 3008 2568 2306 2235 2008 1822 1684 1631 1437 1440 1248 1314 1270 1176 1111 1115 955 1052 954 893 923 819 881 848 934 778 786 736 761 866 771 720 787 726 797 807 860 837 936 1038 919 119948 278349
SLiM_06_sum.txt_boot_020.txt 24163 11971 7880 6148 4546 3908 3362 3121 2612 2367 2043 1880 1755 1793 1592 1396 1443 1292 1299 1145 1181 1094 925 979 947 919 867 931 814 814 737 780 749 683 633 668 621 655 581 534 526 526 578 525 517 490 522 500 538 37202 16228 10029 7398 5711 4568 3863 3219 3050 2599 2310 2151 1994 1773 1794 1636 1504 1428 1281 1306 1240 1125 1126 1125 969 1002 962 985 961 800 876 844 920 843 788 764 838 809 738 723 750 759 800 838 806 884 962 1033 970 120119 279015
SLiM_06_sum.txt_boot_021.txt 24183 11926 7669 5966 4701 3750 3270 2925 2544 2364 2148 1884 1758 1665 1636 1456 1450 1383 1194 1182 1153 1044 919 937 911 890 837 861 824 771 745 749 646 627 601 691 608 572 624 499 522 485 556 591 517 474 513 453 503 37039 16179 10263 7158 5549 4471 3972 3128 2939 2732 2359 2169 2039 1854 1768 1584 1574 1411 1294 1281 1292 1179 1136 1056 963 1015 965 987 888 858 869 806 856 787 735 704 850 808 789 764 795 747 761 830 812 779 950 961 950 120123 278482
SLiM_06_sum.txt_boot_022.txt 24060 12008 7883 6053 4737 3803 3401 3063 2565 2430 2136 1962 1749 1711 1572 1417 1355 1303 1350 1162 1155 1013 926 952 980 898 865 921 802 769 727 745 727 646 622 662 581 564 601 526 524 503 546 583 518 484 529 468 525 36901 16073 9852 7546 5572 4602 3872 3220 3001 2549 2371 2126 1979 1884 1640 1645 1489 1440 1293 1314 1246 1117 1131 1069 1011 975 950 938 916 874 835 874 875 740 785 733 835 824 772 697 804 704 816 816 810 837 891 1012 1020 119907 278587
SLiM_06_sum.txt_boot_023.txt 24188 11754 7778 5986 4568 3703 3244 2936 2624 2424 2186 1946 1744 1762 1640 1535 1423 1309 1261 1157 1111 1026 972 939 948 896 852 884 796 808 687 767 743 659 664 684 598 580 582 548 510 508 540 581 461 510 560 488 528 37413 16003 9934 7405 5654 4446 4037 3337 2910 2668 2234 2118 1979 1860 1677 1616 1434 1446 1230 1282 1253 1154 1162 1086 948 980 959 936 895 880 924 860 889 724 764 745 793 812 774 721 780 738 739 831 842 856 947 1009 1053 119346 278825
SLiM_06_sum.txt_boot_024.txt 24063 11848 7921 6038 4775 3813 3353 3051 2675 2426 2188 1978 1866 1807 1640 1407 1416 1306 1242 1114 1156 1039 949 958 1010 896 875 885 832 793 759 757 705 711 593 720 645 596 596 545 519 570 518 485 535 505 565 515 492 37217 16285 10177 7217 5522 4667 3925 3349 2971 2602 2418 2222 1970 1764 1691 1642 1477 1427 1285 1275 1247 1152 1038 1097 966 1012 980 988 882 861 885 895 844 822 771 734 901 785 775 678 793 751 804 824 807 838 889 1015 1024 120518 277891
SLiM_06_sum.txt_boot_025.txt 24278 11916 8001 6076 4825 3811 3494 2968 2585 2394 2150 1960 1803 1709 1586 1442 1391 1287 1306 1195 1116 1018 864 943 955 902 833 884 790 757 733 753 680 657 625 692 629 595 578 546 496 508 576 577 497 447 516 502 488 37394 16138 10098 7414 5679 4539 4072 3202 3028 2535 2339 2215 1983 1820 1781 1609 1522 1417 1235 1305 1224 1107 1155 1100 1002 1009 919 910 924 794 911 871 933 784 759 785 830 807 812 764 802 744 843 856 796 839 893 1005 997 120202 277785
SLiM_06_sum.txt_boot_026.txt 24061 11958 7830 5970 4765 3955 3253 3034 2491 2395 2115 2042 1805 1837 1590 1426 1397 1295 1226 1164 1155 1000 913 894 974 847 861 874 762 766 739 821 722 621 642 690 567 575 577 563 521 547 549 572 521 475 533 470 535 37133 16278 10046 7236 5599 4577 3967 3301 3032 2615 2407 2187 1968 1866 1682 1584 1492 1450 1311 1272 1263 1149 1135 1066 1021 1061 933 950 906 820 845 882 919 782 727 726 789 830 775 717 821 787 752 763 835 799 963 1072 968 120480 279173
SLiM_06_sum.txt_boot_027.txt 24196 11656 8019 6073 4651 3769 3334 2904 2589 2410 2183 1960 1742 1732 1642 1435 1418 1289 1219 1186 1155 1059 958 980 927 906 827 892 870 769 722 739 731 685 641 721 624 615 584 525 511 505 508 564 475 470 550 464 503 37414 16102 9940 7410 5581 4577 4026 3320 3044 2617 2404 2189 1958 1801 1655 1547 1451 1447 1238 1246 1170 1104 1106 1118 940 972 893 946 855 869 895 863 866 792 759 761 821 865 722 747 760 735 765 819 784 857 987 1056 1010 119818 279083
SLiM_06_sum.txt_boot_028.txt 24170 11881 7877 6188 4598 3845 3453 3013 2611 2400 2192 1944 1723 1764 1566 1362 1387 1317 1284 1097 1151 1089 978 962 941 901 907 848 902 781 713 773 692 672 636 705 580 610 539 589 533 501 569 540 463 502 563 519 502 36975 16232 10113 7415 5650 4623 4062 3270 3107 2588 2375 2201 2043 1817 1716 1642 1513 1389 1267 1257 1256 1137 1112 1171 1041 1052 902 931 902 826 840 845 958 783 800 700 849 813 791 703 701 756 838 836 787 867 939 924 991 119359 279763
SLiM_06_sum.txt_boot_029.txt 24167 11875 7953 6052 4858 3929 3363 2984 2579 2480 2182 1947 1895 1732 1627 1479 1453 1273 1273 1108 1180 1055 914 960 907 868 815 901 835 791 758 720 731 703 601 657 600 561 602 548 526 545 544 539 534 491 525 446 451 36932 16155 10233 7389 5623 4390 3869 3169 3027 2674 2396 2169 1948 1811 1745 1634 1477 1418 1211 1256 1265 1111 1112 1029 1011 1023 894 940 909 791 890 860 914 772 779 734 855 861 793 781 806 745 827 832 829 822 920 984 967 120075 278126
SLiM_06_sum.txt_boot_030.txt 23824 12132 7875 6181 4783 3830 3390 2954 2587 2407 2157 1901 1761 1725 1654 1499 1448 1354 1247 1189 1081 1080 937 962 1051 903 859 891 811 747 731 749 691 710 576 648 606 629 590 514 535 508 556 550 490 490 523 473 462 37088 16312 9822 7306 5491 4531 3976 3255 3074 2646 2460 2207 1969 1830 1709 1642 1540 1381 1278 1341 1245 1089 1200 1115 980 984 957 880 929 826 840 842 894 795 745 788 827 782 790 729 782 756 733 780 779 851 926 1034 1011 119774 278600
SLiM_06_sum.txt_boot_031.txt 24441 11916 7906 6071 4847 3889 3361 2941 2502 2378 2191 2025 1763 1796 1617 1372 1424 1307 1243 1176 1059 957 889 968 963 885 907 910 834 818 755 723 694 621 636 703 636 550 575 524 528 540 550 559 488 496 534 480 481 37142 16298 10048 7480 5649 4656 4015 3170 2959 2624 2410 2168 1872 1753 1717 1667 1531 1391 1263 1257 1302 1136 1189 1137 981 1017 942 989 871 850 858 917 901 774 748 704 796 743 782 737 733 778 813 761 792 879 873 1012 1025 119717 278271
SLiM_06_sum.txt_boot_032.txt 24381 11846 7884 6059 4692 3864 3292 2938 2540 2404 2217 1915 1819 1736 1581 1401 1422 1319 1290 1122 1106 1087 867 946 963 889 831 893 863 788 695 749 704 695 568 674 670 603 567 532 483 507 549 579 488 495 516 483 506 36832 16253 10127 7374 5708 4464 4015 3185 3070 2599 2395 2207 1937 1822 1684 1635 1475 1410 1249 1208 1282 1133 1103 1114 983 1015 984 919 928 822 859 837 936 779 780 773 820 833 750 713 777 778 798 809 862 778 912 1058 1053 120589 278207
SLiM_06_sum.txt_boot_033.txt 24243 11855 7660 6147 4682 3921 3368 3040 2493 2349 2095 1930 1826 1738 1616 1447 1432 1334 1225 1111 1131 1055 907 959 968 921 862 933 826 812 740 725 721 670 611 670 646 605 554 561 516 521 572 575 535 460 560 473 526 37309 16047 10096 7335 5580 4572 3968 3320 3058 2588 2391 2227 1904 1787 1660 1691 1504 1359 1242 1296 1257 1151 1136 1130 989 968 942 918 883 851 853 890 902 739 799 736 812 810 751 717 719 777 780 823 855 871 916 1019 993 120627 278518
SLiM_06_sum.txt_boot_034.txt 24193 11873 7843 6182 4754 3893 3427 2978 2645 2382 2128 1925 1846 1758 1639 1417 1433 1344 1318 1194 1093 1035 967 991 946 961 886 889 804 808 760 754 726 705 593 691 621 616 596 563 494 512 541 549 526 466 542 456 480 37166 16336 10228 7340 5519 4549 3954 3357 3037 2493 2304 2178 2035 1754 1666 1591 1500 1378 1191 1280 1235 1160 1124 1092 1018 1049 935 945 885 874 858 892 889 796 778 750 797 834 779 682 767 721 772 770 800 870 919 1018 982 119924 277929
SLiM_06_sum.txt_boot_035.txt 24202 11918 7918 6190 4690 3881 3439 2986 2622 2405 2115 1960 1845 1719 1700 1403 1488 1282 1324 1220 1181 1024 939 939 961 816 870 890 810 774 741 759 737 690 621 645 642 609 603 558 505 492 552 515 528 492 528 469 504 37143 16129 10128 7438 5697 4662 3945 3306 2973 2658 2356 2193 2001 1887 1642 1654 1499 1451 1294 1283 1254 1170 1140 1118 978 982 920 915 960 835 865 884 872 809 763 734 801 867 802 723 807 771 811 818 789 787 970 960 1007 120208 278790
SLiM_06_sum.txt_boot_036.txt 24247 11905 8043 6002 4707 3847 3352 3089 2594 2443 2181 1852 1835 1740 1515 1443 1385 1322 1291 1126 1187 1017 901 933 1007 905 894 895 790 782 738 758 726 670 647 693 613 568 593 523 500 499 557 596 489 476 546 501 519 37359 16083 10082 7351 5722 4563 3997 3309 2953 2603 2358 2123 2045 1855 1747 1652 1510 1417 1227 1311 1166 1130 1177 1045 976 993 972 938 910 838 862 861 930 771 742 727 833 842 768 743 735 774 792 834 818 847 910 1046 1025 120029 277068
SLiM_06_sum.txt_boot_037.txt 24179 11878 7797 6043 4797 3901 3235 3088 2680 2456 2191 1983 1778 1680 1622 1432 1491 1304 1302 1177 1140 1089 887 979 939 787 829 895 856 816 715 794 718 654 631 706 604 565 597 535 519 460 519 574 530 509 520 489 512 37038 16424 9951 7386 5557 4680 3954 3163 2917 2614 2367 2177 2005 1862 1754 1675 1549 1493 1265 1247 1259 1061 1142 1092 983 989 934 1012 920 821 878 941 891 773 798 778 817 832 752 699 773 769 808 842 830 808 957 1034 1038 120006 278174
SLiM_06_sum.txt_boot_038.txt 24020 12052 8004 6130 4689 3869 3388 2915 2643 2417 2211 1970 1790 1719 1650 1392 1436 1301 1215 1148 1156 1036 951 967 962 925 857 906 852 767 705 742 707 665 609 690 665 599 571 522 515 533 553 553 512 529 528 492 490 37314 16316 9907 7364 5732 4546 3988 3382 2992 2674 2375 2090 1973 1794 1761 1579 1545 1432 1266 1170 1266 1116 1127 1085 1030 974 987 986 903 833 867 902 897 792 754 693 813 793 798 749 754 768 799 823 854 835 906 1030 962 120179 278553
SLiM_06_sum.txt_boot_039.txt 24118 11729 7768 6162 4630 3745 3378 2935 2653 2406 2193 1927 1747 1707 1588 1421 1473 1248 1217 1156 1165 1017 916 980 892 907 842 944 824 795 786 722 694 708 613 690 644 605 593 484 526 478 541 544 494 491 512 519 513 37118 16109 10207 7269 5657 4692 3945 3287 2962 2659 2386 2144 1952 1823 1705 1632 1587 1422 1224 1256 1271 1083 1161 1037 1010 1033 953 943 883 842 873 891 904 766 771 810 794 815 761 760 762 775 788 822 808 803 922 1047 965 120728 278229
SLiM_06_sum.txt_boot_040.txt 23971 11922 7967 6119 4627 3725 3392 2914 2592 2405 2190 1942 1783 1809 1596 1495 1382 1329 1224 1176 1165 1061 940 965 945 885 913 895 801 784 742 745 738 713 648 660 631 600 582 539 491 482 549 538 505 502 520 495 494 37272 16163 10031 7435 5603 4598 3881 3214 2960 2660 2386 2135 2030 1809 1769 1592 1495 1424 1248 1338 1201 1107 1111 1084 986 984 927 947 854 825 883 913 955 804 736 747 837 828 802 715 811 766 820 852 782 827 950 1003 1038 120103 278969
SLiM_06_sum.txt_boot_041.txt 24468 11859 7918 6018 4676 3748 3473 2959 2569 2377 2156 2002 1819 1690 1621 1430 1418 1263 1222 1135 1140 1080 888 986 1014 899 850 946 799 798 765 760 752 736 640 676 625 567 584 523 547 513 533 547 464 525 558 494 498 37130 16530 9895 7412 5658 4631 3914 3143 3033 2707 2381 2220 1972 1815 1680 1534 1565 1402 1192 1337 1241 1079 1149 1076 979 1003 938 965 907 833 860 870 936 772 735 779 823 822 802 685 777 752 790 849 784 868 969 965 973 120309 279354
SLiM_06_sum.txt_boot_042.txt 24674 11979 7924 5957 4758 3931 3405 3014 2609 2379 2166 1940 1793 1742 1642 1408 1431 1341 1260 1083 1162 991 948 952 987 925 865 939 811 787 711 739 688 624 649 658 632 611 546 480 483 512 587 582 512 544 548 495 519 36914 16442 10035 7276 5687 4500 4039 3280 3001 2623 2380 2155 1929 1824 1775 1642 1475 1431 1194 1261 1277 1113 1164 1048 948 1006 943 897 910 820 908 825 909 790 790 806 840 797 772 711 777 772 751 857 797 864 968 1020 959 119956 278731
SLiM_06_sum.txt_boot_043.txt 24425 11910 7755 6053 4744 3822 3342 3026 2626 2419 2157 1968 1841 1720 1577 1440 1476 1305 1269 1147 1147 999 919 954 987 867 853 903 837 729 747 725 709 662 631 685 615 588 613 541 527 496 533 577 545 503 510 488 500 37237 16309 10029 7349 5674 4541 3933 3338 3054 2559 2360 2192 1976 1808 1721 1698 1515 1468 1208 1269 1220 1157 1121 1039 938 1002 994 918 925 811 872 883 911 852 769 743 811 825 743 690 791 764 817 829 797 815 975 1039 973 119699 277960
SLiM_06_sum.txt_boot_044.txt 24002 11890 7842 6042 4777 3861 3424 3023 2593 2409 2139 1926 1803 1722 1565 1522 1391 1297 1247 1164 1089 1029 957 977 983 856 922 867 825 823 754 749 691 669 636 672 596 569 604 518 483 519 545 564 560 526 550 490 512 36946 16493 10080 7406 5548 4634 3885 3134 2859 2583 2331 2171 1969 1867 1744 1631 1472 1427 1257 1230 1295 1144 1122 1121 1005 1017 985 944 889 868 902 844 884 834 746 787 826 803 787 775 751 702 845 827 848 839 935 1003 963 119823 279149
SLiM_06_sum.txt_boot_045.txt 24148 11882 7897 6148 4755 3915 3303 2958 2638 2402 2153 1907 1753 1760 1517 1443 1440 1332 1347 1090 1161 1059 924 1009 985 871 860 950 860 837 719 782 737 623 657 696 592 574 609 521 484 498 571 524 532 515 548 508 495 37185 16177 10156 7233 5675 4443 3981 3278 2991 2591 2421 2186 1958 1826 1754 1590 1432 1367 1262 1222 1254 1095 1104 1092 1026 1035 1000 967 816 879 922 871 911 765 762 734 892 826 756 738 822 724 799 816 825 874 953 1003 1045 119697 278228
SLiM_06_sum.txt_boot_046.txt 24266 11821 7769 6093 4749 3864 3303 3029 2592 2384 2210 1948 1764 1672 1647 1459 1400 1335 1233 1225 1118 1056 946 930 969 892 809 933 905 818 763 723 710 678 668 667 628 606 576 525 473 499 536 523 472 485 561 473 441 37444 16311 10176 7258 5601 4454 3939 3341 3030 2606 2372 2156 1991 1837 1681 1605 1511 1401 1220 1272 1221 1155 1115 1060 976 1005 949 962 887 840 895 860 894 740 757 755 812 833 808 752 737 781 771 787 835 846 934 1015 953 119759 278611
SLiM_06_sum.txt_boot_047.txt 24226 12103 7936 6159 4729 3906 3357 3027 2620 2413 2176 1930 1797 1734 1653 1449 1414 1291 1279 1153 1185 1025 937 924 959 909 846 927 864 750 718 736 684 658 646 676 588 601 600 556 485 495 552 505 541 482 544 482 521 37298 16021 10035 7207 5734 4659 3898 3243 3062 2582 2354 2171 2039 1790 1707 1531 1524 1424 1238 1205 1211 1105 1157 1045 1023 1009 981 968 905 816 863 884 882 838 786 751 806 805 716 681 765 754 797 804 863 850 962 995 981 120359 277885
SLiM_06_sum.txt_boot_048.txt 24307 11904 7957 6021 4822 3811 3354 3110 2551 2477 2117 1968 1827 1765 1637 1422 1425 1352 1264 1187 1091 1025 957 964 977 924 875 857 857 743 724 697 724 681 610 675 590 609 567 520 481 560 568 514 529 552 548 465 478 37008 16050 9934 7181 5713 4627 3867 3339 2999 2583 2368 2179 1927 1805 1783 1611 1517 1453 1239 1230 1226 1152 1103 1078 1045 1048 1006 961 899 825 881 833 935 846 780 774 803 827 827 723 798 773 817 788 761 878 952 1007 994 119985 280002
SLiM_06_sum.txt_boot_049.txt 24297 11856 7958 5900 4793 3816 3380 3004 2562 2335 2172 1956 1772 1814 1550 1416 1482 1264 1311 1163 1186 1118 898 996 961 901 851 902 845 802 684 768 685 620 571 666 600 562 593 572 543 557 550 578 508 502 523 488 493 37144 16235 9986 7281 5631 4606 3878 3236 2960 2574 2421 2201 1909 1773 1659 1625 1464 1433 1218 1353 1221 1148 1065 1121 1056 1016 932 930 892 791 842 824 899 842 759 764 836 832 766 733 812 792 794 854 806 892 990 1025 949 119556 278819
SLiM_06_sum.txt_boot_050.txt 24181 11993 7978 6193 4723 3856 3326 2948 2593 2419 2230 1966 1782 1717 1571 1397 1394 1303 1284 1140 1120 1076 943 969 959 883 802 945 835 749 745 788 744 634 664 673 589 607 621 579 506 509 576 542 506 504 550 437 496 37294 16077 10239 7204 5644 4509 3912 3224 3065 2681 2391 2173 1992 1753 1710 1629 1534 1410 1167 1236 1211 1110 1172 1107 1069 1051 982 927 872 815 894 859 922 825 753 739 799 842 792 740 758 758 774 788 840 896 956 952 1047 119951 278957
SLiM_06_sum.txt_boot_051.txt 24136 12045 8025 6099 4622 3743 3349 3077 2604 2322 2162 1866 1769 1694 1646 1406 1454 1279 1247 1191 1207 1070 916 982 957 882 870 881 836 772 711 742 724 684 628 701 614 588 546 542 498 535 591 597 539 528 500 460 529 36719 16218 9892 7313 5550 4658 3908 3285 3020 2587 2325 2161 1877 1692 1705 1659 1513 1461 1216 1268 1223 1106 1125 1051 932 997 1037 961 914 800 883 901 871 764 745 815 756 803 770 752 746 788 763 795 790 860 946 951 980 119865 278806
SLiM_06_sum.txt_boot_052.txt 24211 11900 7805 6017 4741 3853 3343 3072 2705 2292 2148 1935 1839 1801 1627 1397 1408 1277 1210 1154 1117 989 899 1005 902 878 865 889 819 761 789 753 702 688 570 611 625 582 560 497 495 503 513 565 526 472 533 462 481 37017 16098 10070 7382 5701 4562 3960 3234 2978 2651 2362 2246 1997 1822 1690 1696 1466 1439 1204 1309 1216 1145 1100 1033 983 955 1047 992 874 835 875 929 849 741 819 753 839 859 794 757 796 737 809 888 793 840 940 1048 1015 119580 278928
SLiM_06_sum.txt_boot_053.txt 24644 11930 7806 6041 4643 3825 3283 3060 2435 2376 2222 1971 1738 1687 1592 1400 1459 1281 1258 1131 1094 1020 917 994 927 1027 935 897 813 795 687 764 749 660 581 755 621 596 601 523 545 488 565 566 484 507 569 482 504 37115 16004 10219 7356 5524 4473 3950 3192 3016 2560 2402 2156 2046 1778 1750 1608 1557 1418 1254 1256 1215 1069 1171 1073 1004 988 979 937 935 814 893 833 961 749 785 733 802 775 750 712 774 750 848 862 756 868 986 1000 1014 119933 278977
SLiM_06_sum.txt_boot_054.txt 24460 11735 7920 6074 4771 3922 3228 2976 2610 2441 2151 2009 1772 1704 1569 1423 1413 1239 1291 1139 1158 1041 886 1014 970 931 907 847 832 769 765 772 699 656 585 687 635 580 611 479 502 524 547 535 484 500 534 548 501 36990 16157 10114 7367 5601 4646 3908 3222 2973 2556 2382 2142 1923 1845 1762 1580 1504 1395 1190 1247 1213 1151 1141 1092 1016 979 955 951 951 810 941 882 916 747 722 764 827 789 788 726 756 775 826 820 789 849 986 1004 1003 119678 278470
SLiM_06_sum.txt_boot_055.txt 23867 11831 7837 5977 4668 3840 3329 3070 2687 2374 2163 1962 1715 1716 1560 1473 1387 1303 1257 1137 1127 1031 964 971 1005 932 875 854 820 774 733 791 666 715 615 682 624 611 546 530 533 520 551 519 516 500 566 478 515 36748 16151 9857 7333 5526 4486 4042 3277 2886 2619 2381 2157 1964 1822 1694 1687 1543 1475 1243 1285 1226 1179 1115 1069 956 997 940 927 872 846 874 873 866 777 731 723 782 859 762 697 776 807 756 824 798 875 935 1025 1008 120801 278111
SLiM_06_sum.txt_boot_056.txt 24107 11878 7934 6052 4664 3780 3258 2959 2598 2363 2153 2009 1748 1756 1623 1435 1387 1300 1243 1222 1142 991 900 899 934 912 850 901 806 758 762 794 699 668 626 732 576 587 599 544 500 509 521 520 521 463 507 466 514 36972 16182 10083 7517 5663 4482 3971 3220 3000 2601 2418 2210 1937 1882 1686 1591 1539 1383 1282 1295 1259 1168 1130 1151 944 1025 1013 967 919 831 880 873 908 798 749 726 813 836 789 732 789 758 805 840 834 849 939 1008 979 119823 278640
SLiM_06_sum.txt_boot_057.txt 24313 11809 8012 6103 4737 3865 3327 3013 2601 2513 2170 1981 1780 1785 1593 1445 1414 1350 1252 1169 1132 1047 928 961 936 893 850 957 810 748 697 740 760 622 649 695 602 518 566 555 472 551 575 590 499 489 551 467 492 37115 16241 9954 7394 5585 4571 3982 3272 2928 2573 2389 2192 2007 1798 1837 1591 1441 1336 1304 1265 1257 1190 1180 1028 915 1082 961 919 933 839 871 841 923 780 775 771 776 842 815 718 757 804 809 870 799 903 919 989 970 119679 279214
SLiM_06_sum.txt_boot_058.txt 24102 11760 7941 6107 4664 3882 3315 2953 2594 2334 2234 1977 1789 1727 1601 1520 1439 1252 1267 1178 1097 1056 929 1003 955 878 852 859 827 816 761 770 706 696 627 722 631 561 606 544 535 527 592 550 504 511 555 477 512 37331 16285 10213 7243 5614 4578 3977 3270 2955 2568 2368 2189 2000 1796 1667 1638 1471 1453 1267 1284 1220 1165 1117 1133 961 1004 986 943 925 887 900 869 913 807 740 727 840 849 783 747 743 709 746 805 827 811 933 980 939 120044 279099
SLiM_06_sum.txt_boot_059.txt 24024 11834 8064 5975 4718 3877 3331 2856 2578 2489 2242 1940 1782 1755 1603 1405 1459 1279 1252 1147 1193 1039 873 916 965 851 872 963 798 758 687 759 651 646 640 667 617 559 543 557 498 477 520 565 540 498 512 494 483 37008 16294 10148 7387 5491 4560 3983 3311 3038 2635 2335 2229 1951 1802 1703 1565 1437 1391 1192 1296 1334 1164 1116 1161 998 983 978 949 865 762 915 876 885 823 755 768 764 813 742 709 734 760 818 814 802 881 963 1048 985 119469 278888
SLiM_06_sum.txt_boot_060.txt 24513 11880 7907 6178 4738 3852 3338 2948 2534 2418 2159 2009 1864 1693 1608 1462 1416 1363 1271 1218 1186 1030 949 938 958 847 823 954 767 838 753 733 693 642 611 642 623 581 596 543 500 534 569 543 516 513 535 495 517 37397 16091 10065 7349 5575 4476 3942 3281 3100 2660 2374 2144 1976 1802 1724 1610 1454 1433 1297 1232 1281 1236 1112 1083 992 993 996 980 840 831 860 866 911 777 731 769 796 879 800 708 778 763 819 828 853 880 900 1036 1011 120204 278452
SLiM_06_sum.txt_boot_061.txt 24067 11864 7857 5851 4791 3805 3299 2995 2552 2349 2014 1963 1805 1742 1604 1408 1358 1336 1278 1141 1143 1097 903 987 954 875 907 886 812 780 757 742 691 648 644 707 665 589 588 493 529 522 526 579 493 487 546 478 497 37142 16242 10179 7399 5578 4545 4061 3250 2994 2611 2444 2224 1948 1790 1731 1654 1505 1343 1212 1271 1259 1073 1168 1055 975 984 974 916 878 896 846 857 889 797 783 775 821 845 764 740 761 804 783 829 788 884 908 1048 997 119946 278677
SLiM_06_sum.txt_boot_062.txt 24132 11870 7944 6121 4694 3782 3404 3045 2713 2418 2158 1931 1739 1726 1658 1452 1468 1309 1286 1098 1132 1046 923 947 926 908 844 870 843 800 729 819 700 691 613 660 594 575 623 532 523 506 595 553 491 495 504 487 507 36877 16182 10010 7471 5502 4650 4030 3297 3031 2618 2462 2152 1935 1800 1766 1603 1478 1391 1293 1214 1241 1108 1109 1075 974 1015 941 941 923 824 876 846 935 843 755 739 825 802 751 725 762 767 812 854 758 884 916 1010 1002 119861 278611
SLiM_06_sum.txt_boot_063.txt 24104 12002 7789 6102 4647 3971 3274 3035 2685 2344 2139 1941 1800 1726 1650 1391 1391 1266 1300 1111 1132 1056 900 937 929 934 858 900 834 761 706 769 683 691 592 659 638 641 580 525 505 509 520 577 495 490 531 491 493 37042 16102 10074 7291 5646 4534 3970 3259 3006 2607 2357 2211 1988 1833 1735 1643 1534 1397 1282 1255 1226 1129 1162 1040 1047 1048 961 961 902 876 880 866 938 833 760 717 757 830 794 734 768 748 810 849 837 829 930 1043 986 120199 278540
SLiM_06_sum.txt_boot_064.txt 23921 11751 7868 6119 4675 3812 3356 2933 2663 2358 2117 1984 1819 1685 1578 1432 1429 1290 1245 1106 1143 1058 984 990 947 949 891 894 875 785 701 742 718 658 646 664 623 627 615 534 482 495 593 565 519 494 547 442 462 37108 16178 9851 7203 5687 4375 4004 3292 2978 2594 2373 2148 2010 1856 1601 1643 1522 1387 1249 1300 1245 1095 1158 1138 1025 973 959 932 910 855 940 870 947 804 738 731 836 798 789 721 753 766 800 805 829 890 957 1029 1030 119911 278725
SLiM_06_sum.txt_boot_065.txt 23998 11769 7867 6082 4596 3802 3400 2982 2581 2469 2074 1963 1830 1733 1568 1448 1421 1258 1264 1179 1086 1090 931 893 967 943 879 926 814 805 728 768 693 668 616 654 617 551 592 527 514 497 547 553 522 465 541 493 529 37206 16026 10059 7421 5563 4592 3855 3323 2969 2608 2401 2205 2010 1790 1697 1601 1525 1438 1239 1296 1267 1102 1098 1088 992 959 948 916 897 872 882 859 896 716 794 770 781 833 757 722 812 776 836 796 840 850 920 1046 1019 120544 278256
SLiM_06_sum.txt_boot_066.txt 24001 11841 7821 6168 4743 3922 3387 2888 2587 2384 2211 1953 1682 1718 1690 1549 1481 1338 1263 1166 1109 1106 920 961 932 926 875 902 853 779 744 724 678 692 642 691 568 623 530 510 531 567 542 563 531 490 505 513 506 37387 16330 10076 7258 5696 4604 3949 3296 2950 2551 2407 2229 1937 1729 1676 1614 1558 1462 1222 1329 1235 1146 1148 1059 1021 1009 893 917 845 884 880 863 947 832 800 726 797 803 797 735 753 783 748 825 729 832 903 1003 946 120705 278651
SLiM_06_sum.txt_boot_067.txt 24169 11958 8037 5950 4652 3716 3434 2942 2597 2322 2145 1941 1820 1676 1628 1432 1411 1296 1279 1151 1131 1025 894 1004 1017 894 831 935 848 768 736 704 685 705 577 659 607 589 575 499 476 494 559 530 507 514 520 471 498 37304 16198 10237 7467 5625 4593 4029 3192 3093 2650 2294 2212 1945 1777 1727 1642 1544 1369 1237 1255 1243 1104 1146 1167 997 1002 938 926 929 846 935 913 909 720 782 770 830 770 801 727 786 780 779 843 832 836 858 1038 953 119660 278569
SLiM_06_sum.txt_boot_068.txt 24073 11842 7729 6208 4725 3885 3370 3090 2612 2459 2169 1883 1840 1658 1562 1436 1379 1319 1330 1160 1167 1030 915 988 971 906 905 929 818 758 767 742 731 686 663 703 595 583 607 540 492 548 557 593 500 499 515 520 476 36992 16180 10076 7285 5703 4660 3970 3227 2972 2593 2408 2184 1932 1840 1766 1625 1499 1443 1311 1282 1160 1186 1119 1103 999 959 968 928 895 813 934 843 972 757 767 726 790 862 792 690 760 696 800 803 825 919 907 973 955 119689 278579
SLiM_06_sum.txt_boot_069.txt 24211 11975 7815 6130 4744 3889 3317 2976 2635 2398 2214 1968 1833 1692 1571 1433 1457 1245 1253 1159 1148 1098 934 996 990 890 864 838 850 796 751 784 699 648 616 617 593 558 539 528 487 513 534 564 499 509 525 445 506 37150 16203 10012 7368 5603 4623 4020 3271 2875 2700 2311 2146 2023 1804 1684 1693 1534 1502 1285 1283 1247 1159 1141 1146 934 972 964 931 1018 839 891 880 918 750 723 733 789 790 848 710 759 753 739 825 795 921 962 1011 973 120354 278372
SLiM_06_sum.txt_boot_070.txt 24433 11824 7995 6244 4756 3968 3424 2836 2637 2383 2160 1941 1857 1758 1595 1394 1438 1336 1276 1156 1211 1040 984 983 994 929 851 905 816 811 730 672 686 657 642 660 586 587 584 467 523 502 574 520 505 487 502 503 517 36691 16056 9947 7175 5625 4604 3966 3257 3092 2490 2437 2205 1969 1796 1779 1598 1543 1445 1240 1291 1239 1119 1155 1032 991 1014 964 938 952 861 816 839 884 795 758 764 785 810 750 715 776 731 845 876 841 912 934 1011 1020 119879 278596
SLiM_06_sum.txt_boot_071.txt 23980 11722 7837 6084 4725 3933 3400 2947 2528 2470 2184 1926 1712 1728 1661 1421 1413 1313 1180 1187 1163 1062 905 959 964 928 874 908 852 778 727 775 714 653 608 659 632 578 569 535 511 506 549 542 514 506 532 495 460 37372 16496 10093 7163 5499 4543 4009 3277 3167 2649 2439 2210 1956 1790 1693 1659 1523 1380 1239 1268 1215 1119 1078 1029 1016 1017 964 941 926 805 863 894 917 744 789 715 796 838 820 708 754 777 832 853 771 824 907 1071 982 120609 278690
SLiM_06_sum.txt_boot_072.txt 24235 11850 7882 6189 4756 3739 3311 3024 2585 2471 2186 1929 1855 1822 1677 1415 1395 1258 1270 1221 1159 1060 930 996 942 903 809 937 833 810 682 688 711 649 617 706 625 587 554 511 516 561 508 595 543 505 524 476 480 37351 16142 10057 7390 5582 4585 3916 3276 2985 2557 2302 2189 1984 1789 1753 1638 1547 1415 1215 1279 1191 1137 1121 1080 1023 972 962 970 879 789 916 884 888 803 754 759 848 854 808 770 777 773 758 847 836 836 918 978 1001 119928 278217
SLiM_06_sum.txt_boot_073.txt 24367 11881 7821 6127 4636 3810 3454 3069 2615 2453 2157 1886 1800 1732 1615 1471 1469 1302 1290 1172 1158 1060 922 980 921 905 888 906 854 751 730 721 749 664 623 627 608 589 608 510 510 538 597 533 516 493 532 482 471 37024 16186 10003 7276 5643 4675 3976 3234 2989 2629 2421 2265 1992 1814 1810 1561 1551 1473 1237 1269 1217 1139 1091 1077 1056 941 976 944 879 856 898 840 878 777 788 732 820 793 786 761 749 770 752 804 792 858 963 1039 951 120234 278468
SLiM_06_sum.txt_boot_074.txt 24219 11821 7896 6057 4589 3886 3277 3066 2529 2403 2196 1915 1806 1748 1658 1455 1485 1306 1239 1157 1203 1036 926 949 969 915 832 909 847 779 728 787 683 649 645 637 585 552 587 537 495 491 514 589 512 515 518 515 499 37103 16042 9890 7429 5615 4554 3977 3276 3061 2546 2342 2167 1959 1798 1795 1612 1492 1435 1269 1185 1215 1162 1126 1076 1002 1049 949 939 893 809 913 869 875 793 784 812 821 783 785 703 789 742 782 801 842 851 908 1008 975 119938 278153
SLiM_06_sum.txt_boot_075.txt 24311 11863 8061 6208 4861 3864 3407 3007 2552 2384 2183 2053 1859 1690 1581 1448 1450 1252 1290 1185 1239 1009 883 954 942 886 876 906 841 812 724 812 715 640 624 674 610 595 572 542 586 528 580 571 537 500 565 457 512 37290 16207 10015 7232 5670 4504 3976 3340 2932 2630 2359 2145 1993 1747 1738 1577 1458 1426 1186 1269 1277 1130 1143 1131 1001 976 955 922 923 835 868 929 891 850 771 780 825 830 784 742 738 760 839 883 865 840 929 982 1021 120505 279263
SLiM_06_sum.txt_boot_076.txt 24058 11878 7876 6106 4621 3863 3318 3019 2655 2298 2143 1906 1709 1737 1558 1437 1434 1272 1315 1185 1114 1002 897 939 948 874 859 903 877 738 774 785 648 681 634 669 566 544 573 525 505 494 538 537 536 480 527 462 494 37337 16113 10049 7419 5500 4543 3970 3268 3064 2571 2371 2179 1985 1818 1725 1637 1518 1401 1267 1313 1187 1100 1125 1086 984 936 960 915 892 857 838 863 942 770 728 740 835 836 825 728 773 813 762 793 872 884 927 978 986 120196 279164
SLiM_06_sum.txt_boot_077.txt 24248 11931 7771 6176 4654 3807 3338 2989 2636 2407 2185 1954 1759 1742 1617 1387 1418 1363 1273 1132 1157 1016 857 987 913 916 906 890 838 770 634 691 688 676 606 651 595 612 594 483 524 499 550 558 518 472 547 496 483 37064 16296 10305 7387 5537 4516 3912 3232 2926 2630 2392 2134 1929 1811 1731 1625 1541 1403 1234 1299 1241 1179 1178 1054 1028 1003 981 956 949 795 893 867 878 830 761 749 755 868 781 684 833 778 793 838 818 887 935 1001 1020 119519 279084
SLiM_06_sum.txt_boot_078.txt 24083 11778 7837 6131 4681 3753 3378 2993 2530 2362 2214 2012 1799 1671 1629 1517 1371 1330 1253 1180 1083 1092 862 1006 1024 917 876 916 794 781 748 791 706 651 642 676 626 584 483 583 456 475 603 565 481 498 533 503 533 36944 16084 10221 7453 5574 4601 3991 3250 3022 2673 2405 2176 1950 1845 1731 1621 1498 1465 1203 1298 1297 1155 1129 1091 1055 1008 947 940 927 836 896 918 878 793 730 758 798 848 748 728 770 742 810 793 838 851 909 963 1034 120009 278814
SLiM_06_sum.txt_boot_079.txt 24266 11843 8083 5979 4774 3854 3239 2953 2635 2516 2095 1967 1698 1731 1663 1446 1458 1335 1168 1123 1191 1057 951 937 965 878 860 935 832 801 746 762 732 681 584 689 645 603 579 534 546 508 508 563 548 480 502 482 462 37035 16100 9974 7415 5636 4585 4092 3347 3047 2680 2328 2247 1960 1784 1785 1569 1467 1430 1268 1249 1226 1135 1172 1090 986 978 974 920 859 855 900 871 896 781 723 772 806 829 745 700 721 717 744 876 848 865 930 1022 976 119783 278685
SLiM_06_sum.txt_boot_080.txt 24100 11915 7915 5962 4737 3871 3324 3077 2577 2369 2150 1976 1793 1680 1608 1480 1467 1325 1327 1139 1155 1069 871 984 980 963 867 952 827 740 759 762 693 666 600 666 578 594 607 512 510 520 563 550 459 538 494 505 486 37124 16315 9917 7370 5484 4602 3869 3219 3046 2466 2353 2141 1952 1885 1729 1644 1473 1425 1272 1310 1243 1131 1146 1145 991 985 922 895 893 821 851 824 879 782 757 759 842 794 806 699 765 798 820 824 822 825 970 1078 950 120446 278117
SLiM_06_sum.txt_boot_081.txt 23993 11828 7869 6129 4730 3826 3376 3052 2638 2415 2267 1944 1813 1721 1652 1432 1461 1335 1254 1130 1141 1042 925 978 976 940 886 884 844 780 740 769 734 650 626 651 620 633 591 517 525 488 571 559 514 466 525 497 523 37039 16199 10170 7529 5651 4586 3852 3267 2937 2621 2388 2115 2021 1780 1763 1652 1507 1427 1254 1224 1261 1089 1057 1123 930 969 932 908 855 857 905 871 976 854 761 767 825 889 861 772 776 716 804 760 836 829 980 979 974 120109 278723
SLiM_06_sum.txt_boot_082.txt 24316 12074 7969 5902 4796 3847 3413 3077 2538 2346 2138 1894 1729 1766 1613 1420 1376 1343 1347 1158 1132 990 930 964 989 935 910 836 839 790 779 762 657 697 643 670 581 577 532 518 492 544 535 551 518 476 518 492 520 37470 16236 9983 7326 5529 4518 3953 3186 2960 2607 2385 2172 1930 1800 1715 1689 1465 1411 1228 1373 1258 1143 1112 1071 958 998 1007 952 943 889 858 868 879 797 774 791 818 841 746 707 722 742 848 851 836 809 938 1044 1028 119702 278110
SLiM_06_sum.txt_boot_083.txt 24410 11860 7778 6219 4689 3867 3354 2970 2609 2395 2188 2002 1761 1766 1679 1440 1425 1374 1257 1164 1115 1125 949 961 937 908 845 916 849 825 694 796 650 664 601 653 636 585 585 522 522 522 515 547 497 505 534 491 506 36888 16051 10103 7283 5665 4599 3990 3278 3002 2552 2375 2254 2007 1805 1776 1675 1511 1438 1234 1288 1223 1089 1115 1136 1015 943 938 922 887 767 910 897 934 799 759 810 770 804 728 712 791 778 794 825 816 859 962 1061 974 120038 277972
SLiM_06_sum.txt_boot_084.txt 24300 11901 7781 5960 4741 3823 3349 2945 2628 2384 2084 1986 1857 1763 1532 1503 1476 1264 1327 1199 1115 1003 920 1004 981 928 857 881 822 780 728 803 682 684 611 725 589 557 602 555 542 550 579 540 539 507 565 455 479 37284 16251 10088 7285 5710 4605 3968 3173 2956 2612 2339 2089 1936 1835 1719 1611 1518 1486 1242 1262 1277 1100 1140 1061 988 1007 939 920 901 803 931 870 919 778 751 763 840 828 809 719 735 765 789 811 838 839 977 1048 929 120173 278745
SLiM_06_sum.txt_boot_085.txt 24146 11850 7841 5921 4690 3897 3285 2991 2572 2455 2172 1969 1901 1632 1609 1453 1403 1282 1260 1122 1186 1066 914 1004 950 894 813 860 851 749 730 742 699 659 637 661 635 595 617 494 508 489 579 542 474 488 503 489 497 36977 16477 10067 7309 5711 4373 3993 3170 3062 2626 2289 2157 1970 1793 1779 1618 1540 1460 1270 1259 1313 1176 1119 1029 989 1001 962 895 867 806 836 844 909 753 777 743 807 763 785 665 743 776 799 787 842 868 930 1050 1018 119726 278588
SLiM_06_sum.txt_boot_086.txt 24074 11870 7821 6074 4730 3882 3318 3006 2603 2422 2140 1888 1786 1723 1637 1391 1429 1351 1258 1153 1199 1076 871 992 958 877 843 850 835 781 735 748 733 673 597 691 577 592 553 540 509 485 545 573 513 484 552 461 468 37262 16332 10125 7412 5735 4604 3955 3197 3019 2628 2382 2195 1929 1887 1759 1601 1571 1411 1223 1259 1217 1160 1174 1120 997 957 970 963 903 797 918 894 884 779 796 793 801 833 783 730 766 750 818 836 784 897 957 984 997 120182 278657
SLiM_06_sum.txt_boot_087.txt 24328 11757 7822 6098 4611 3888 3403 2958 2665 2412 2167 1954 1763 1734 1609 1365 1412 1270 1249 1200 1161 1017 870 1000 963 891 889 898 847 752 750 726 636 686 623 716 587 605 567 527 554 492 563 570 496 488 551 444 478 37480 16131 9988 7454 5647 4565 4041 3201 3098 2559 2233 2231 2022 1871 1771 1666 1538 1395 1207 1247 1200 1112 1108 1108 1064 1038 912 922 875 877 909 870 882 807 732 772 853 768 750 692 745 733 799 785 818 849 940 1056 1002 119990 278910
SLiM_06_sum.txt_boot_088.txt 24288 11970 7827 6237 4669 3813 3262 3002 2646 2252 2141 1859 1821 1696 1611 1448 1426 1282 1315 1160 1180 1084 910 990 945 859 889 987 809 767 728 775 700 665 645 700 562 560 525 510 492 525 574 555 521 493 494 530 522 36772 16119 9862 7407 5555 4596 3986 3182 2875 2602 2387 2215 2031 1821 1738 1655 1533 1405 1265 1241 1312 1140 1091 1142 957 973 956 895 901 763 867 899 874 823 755 748 811 781 762 724 762 748 772 820 828 894 910 1020 1039 119998 278183
SLiM_06_sum.txt_boot_089.txt 24354 11882 7883 6087 4773 3782 3310 3051 2632 2403 2148 1875 1734 1672 1648 1442 1447 1322 1281 1082 1121 1076 903 949 962 899 883 894 868 851 726 696 677 688 634 670 606 570 595 508 525 524 512 560 516 481 537 445 528 37032 16174 9902 7419 5584 4541 3958 3277 2990 2580 2338 2233 1952 1883 1740 1554 1572 1386 1228 1347 1157 1160 1076 1124 1005 975 921 905 906 845 858 853 880 790 742 705 831 830 751 725 759 783 847 805 756 855 955 981 1014 120047 278595
SLiM_06_sum.txt_boot_090.txt 24385 12144 7938 5885 4722 3913 3353 2994 2524 2458 2128 1978 1795 1693 1615 1431 1422 1261 1314 1160 1177 1075 903 959 942 838 899 881 834 806 706 768 662 666 624 671 627 601 584 503 466 510 552 544 531 488 539 506 538 37277 16394 10050 7264 5723 4571 3857 3264 3016 2629 2381 2244 1952 1833 1678 1677 1563 1432 1270 1284 1235 1128 1109 1094 1003 978 957 949 863 823 908 871 929 774 726 790 751 828 781 735 788 753 798 851 806 840 881 1030 1010 119855 277493
SLiM_06_sum.txt_boot_091.txt 24046 11991 7789 5950 4659 3863 3266 2999 2539 2357 2171 1941 1800 1816 1664 1447 1430 1325 1240 1098 1142 1061 898 1044 959 856 878 898 836 763 731 741 712 659 635 689 603 589 564 526 510 551 602 578 496 512 539 491 530 37016 16170 10061 7431 5633 4610 4004 3251 2933 2594 2366 2229 1943 1822 1752 1584 1579 1438 1264 1263 1269 1098 1098 1025 976 1041 949 934 905 851 857 871 944 815 693 781 823 814 778 687 753 757 732 810 796 864 901 964 996 119389 278703
SLiM_06_sum.txt_boot_092.txt 24235 11872 7979 6101 4792 3883 3354 2953 2618 2403 2205 1944 1817 1749 1675 1420 1445 1249 1289 1125 1173 975 935 980 974 854 857 836 818 761 725 753 680 703 595 678 608 544 578 549 484 547 524 578 485 484 538 500 457 37212 16139 10019 7394 5686 4577 4155 3327 3069 2584 2321 2147 1949 1737 1645 1722 1515 1490 1155 1342 1271 1132 1172 1041 935 1010 975 946 925 799 906 859 893 768 734 716 834 783 764 730 735 722 761 838 820 852 910 1001 961 120061 279454
SLiM_06_sum.txt_boot_093.txt 24304 11764 7805 6089 4745 3832 3314 3061 2693 2383 2178 1895 1816 1785 1561 1465 1396 1291 1184 1139 1170 1050 906 970 923 938 824 873 782 779 741 744 621 654 624 669 643 596 609 533 491 487 581 585 496 506 574 504 529 37406 16308 9983 7243 5523 4530 3981 3240 2955 2571 2395 2205 2016 1794 1746 1596 1498 1427 1269 1253 1160 1152 1138 1066 994 1053 966 945 900 793 840 870 875 795 721 765 821 820 765 758 744 763 832 776 805 850 926 1056 1038 120358 279748
SLiM_06_sum.txt_boot_094.txt 24079 11706 7819 5945 4648 3793 3255 2982 2613 2430 2206 1926 1800 1731 1573 1407 1464 1280 1281 1174 1194 1047 898 964 1023 948 836 919 821 800 767 777 708 618 610 669 639 574 588 560 476 493 562 540 557 485 573 538 504 37082 16232 9968 7314 5624 4571 3923 3265 3010 2664 2439 2184 2002 1861 1745 1618 1409 1427 1218 1383 1300 1142 1115 1063 1054 987 869 927 962 808 875 868 922 817 765 758 805 844 763 668 748 761 758 872 859 871 892 1016 1015 120746 278378
SLiM_06_sum.txt_boot_095.txt 23922 12011 7883 6155 4614 4020 3346 2981 2594 2474 2171 1898 1798 1706 1631 1430 1414 1297 1301 1156 1113 1044 867 992 985 903 859 872 827 756 702 807 725 646 632 672 580 561 584 555 499 543 502 562 522 506 546 492 559 37226 16199 10182 7366 5731 4644 4035 3244 3037 2716 2373 2178 1983 1758 1670 1563 1556 1479 1242 1295 1215 1095 1160 1092 1031 1031 926 938 878 834 896 913 881 817 776 760 780 814 795 723 804 758 767 797 813 831 947 1054 981 119938 277389
SLiM_06_sum.txt_boot_096.txt 24113 11887 7970 6018 4776 3843 3314 2967 2587 2416 2175 1922 1758 1807 1675 1443 1486 1293 1279 1179 1181 1072 911 973 954 905 898 891 791 789 775 708 694 651 590 639 620 609 580 530 480 504 529 578 526 534 538 512 491 37131 16122 10022 7413 5714 4509 3915 3298 2973 2625 2408 2138 2042 1775 1665 1700 1582 1445 1265 1276 1233 1111 1123 1111 1003 967 941 897 982 825 930 831 902 800 757 747 808 807 778 685 750 758 806 864 799 828 933 1024 1027 120137 278653
SLiM_06_sum.txt_boot_097.txt 24070 11988 7964 5992 4736 3720 3400 2947 2561 2359 2120 1954 1784 1794 1586 1429 1430 1230 1292 1149 1173 1020 971 935 1012 872 834 901 839 775 733 802 716 682 635 640 684 566 556 532 520 531 551 541 509 522 587 500 509 37010 16176 10115 7297 5709 4747 4055 3322 3011 2659 2409 2185 2004 1833 1801 1662 1482 1398 1203 1328 1254 1141 1176 1088 1059 993 953 964 917 795 847 862 902 855 780 758 808 824 759 700 751 709 762 843 878 929 952 983 959 119768 278447
SLiM_06_sum.txt_boot_098.txt 24007 11884 7896 6123 4665 3917 3380 3010 2559 2399 2153 1953 1789 1712 1613 1428 1443 1335 1289 1130 1062 1026 947 1001 981 914 885 883 833 790 717 749 691 654 583 683 581 595 566 557 553 510 574 591 455 472 538 453 493 37382 16141 10146 7348 5562 4541 4066 3279 2977 2631 2384 2261 2014 1824 1751 1653 1498 1399 1274 1292 1239 1105 1186 1098 975 987 869 950 917 876 830 849 922 758 800 751 792 836 775 705 754 754 798 815 868 861 963 1001 994 120374 278897
SLiM_06_sum.txt_boot_099.txt 23936 11868 7921 6057 4760 3839 3381 2998 2533 2415 2175 1958 1810 1712 1627 1470 1427 1308 1228 1093 1127 1064 880 941 946 909 912 840 807 792 751 754 733 690 603 618 609 590 549 516 540 551 577 528 465 500 580 481 484 36844 16253 10037 7377 5466 4635 4009 3180 2912 2565 2387 2162 1908 1861 1649 1697 1493 1448 1188 1267 1189 1123 1100 1090 1009 973 968 913 917 832 884 859 942 805 767 771 775 840 821 716 779 800 804 768 831 824 956 991 1015 119948 278499
SLiM_06_sum.txt_boot_100.txt 24201 11869 7942 5902 4755 3807 3352 3060 2658 2419 2187 2018 1741 1704 1635 1410 1454 1301 1299 1160 1117 1066 953 976 931 855 791 957 838 781 723 768 741 653 678 664 603 580 565 557 516 504 522 524 502 521 572 469 506 37263 16121 10002 7325 5567 4559 3942 3185 3029 2749 2352 2236 1958 1783 1650 1688 1463 1377 1215 1314 1257 1091 1133 1087 1018 1015 909 936 923 780 890 855 883 783 743 786 769 807 725 709 776 770 813 835 800 833 936 1017 953 119758 278415
