scenario Pi.Syn1 Pi.Syn2 Pi.Syn3 Pi.Syn4 Pi.Syn5 Pi.Syn6 Pi.Syn7 Pi.Syn8 Pi.Syn9 Pi.Syn10 Pi.Syn11 Pi.Syn12 Pi.Syn13 Pi.Syn14 Pi.Syn15 Pi.Syn16 Pi.Syn17 Pi.Syn18 Pi.Syn19 Pi.Syn20 Pi.Syn21 Pi.Syn22 Pi.Syn23 Pi.Syn24 Pi.Syn25 Pi.Syn26 Pi.Syn27 Pi.Syn28 Pi.Syn29 Pi.Syn30 Pi.Syn31 Pi.Syn32 Pi.Syn33 Pi.Syn34 Pi.Syn35 Pi.Syn36 Pi.Syn37 Pi.Syn38 Pi.Syn39 Pi.Syn40 Pi.Syn41 Pi.Syn42 Pi.Syn43 Pi.Syn44 Pi.Syn45 Pi.Syn46 Pi.Syn47 Pi.Syn48 Pi.Syn49 Pi.NSyn1 Pi.NSyn2 Pi.NSyn3 Pi.NSyn4 Pi.NSyn5 Pi.NSyn6 Pi.NSyn7 Pi.NSyn8 Pi.NSyn9 Pi.NSyn10 Pi.NSyn11 Pi.NSyn12 Pi.NSyn13 Pi.NSyn14 Pi.NSyn15 Pi.NSyn16 Pi.NSyn17 Pi.NSyn18 Pi.NSyn19 Pi.NSyn20 Pi.NSyn21 Pi.NSyn22 Pi.NSyn23 Pi.NSyn24 Pi.NSyn25 Pi.NSyn26 Pi.NSyn27 Pi.NSyn28 Pi.NSyn29 Pi.NSyn30 Pi.NSyn31 Pi.NSyn32 Pi.NSyn33 Pi.NSyn34 Pi.NSyn35 Pi.NSyn36 Pi.NSyn37 Pi.NSyn38 Pi.NSyn39 Pi.NSyn40 Pi.NSyn41 Pi.NSyn42 Pi.NSyn43 Pi.NSyn44 Pi.NSyn45 Pi.NSyn46 Pi.NSyn47 Pi.NSyn48 Pi.NSyn49 Div.Syn Div.Nsyn
SLiM_1_sum.txt 24557 12405 8030 6093 4924 4086 3607 3035 2757 2441 2250 2077 1926 1702 1726 1511 1438 1301 1365 1228 1082 1109 1067 999 996 951 902 836 857 801 841 770 775 711 677 659 652 691 618 610 564 556 550 558 533 509 519 525 463 37029 16133 9934 7162 5607 4495 3714 3171 2913 2456 2344 2042 1859 1719 1566 1495 1501 1240 1213 1175 1084 1103 1022 952 920 832 838 770 769 709 725 718 665 687 612 614 611 573 590 547 534 493 508 516 516 441 499 471 475 119462 107357
SLiM_1_sum.txt_boot_001.txt 24693 12262 7973 6030 4872 4101 3537 3034 2813 2401 2202 2030 1914 1792 1700 1473 1414 1329 1338 1220 1132 1147 1073 1023 1043 953 923 887 837 817 844 854 794 716 680 655 633 706 582 646 569 545 569 585 591 488 530 559 477 37339 16276 9937 7147 5625 4528 3671 3238 2954 2420 2335 2028 1852 1707 1593 1496 1481 1176 1245 1175 1103 1057 978 938 919 834 818 791 734 717 730 746 684 670 577 595 631 509 606 518 597 528 511 534 460 435 493 469 492 119315 107220
SLiM_1_sum.txt_boot_002.txt 24572 12401 7960 6138 4913 3996 3558 3169 2669 2533 2210 1989 1926 1631 1730 1511 1467 1312 1341 1233 1099 1176 978 993 1022 910 896 798 870 812 845 805 763 693 646 619 668 664 623 635 543 590 525 532 577 520 512 513 493 37051 16175 9825 7136 5715 4378 3727 3083 2908 2476 2416 2052 1880 1701 1561 1495 1511 1237 1221 1096 1103 1114 975 882 917 848 854 748 746 749 734 723 693 706 663 590 595 604 554 543 523 495 520 506 525 467 464 478 461 119591 107424
SLiM_1_sum.txt_boot_003.txt 24600 12378 8031 6199 4966 4203 3656 2991 2801 2411 2287 2065 1885 1644 1716 1558 1441 1352 1300 1182 1063 1148 1036 1001 985 944 895 884 824 768 821 802 781 718 642 661 640 666 613 597 553 531 557 518 534 535 553 544 501 36949 16201 9754 7074 5604 4589 3637 3171 2953 2411 2328 2004 1803 1705 1528 1488 1493 1172 1187 1187 1044 1132 987 941 897 842 807 743 754 701 697 701 649 739 633 631 634 577 603 528 526 492 520 506 519 430 493 459 459 119047 107973
SLiM_1_sum.txt_boot_004.txt 24761 12442 7939 6221 4978 4101 3675 2973 2757 2449 2277 2050 1900 1652 1740 1564 1393 1360 1392 1224 1008 1126 1044 970 1033 962 866 817 825 784 846 838 801 691 696 644 662 737 595 592 584 527 552 536 520 506 538 520 423 36940 16240 9824 7138 5715 4491 3683 3201 2894 2471 2363 2077 1915 1687 1579 1521 1511 1222 1191 1164 1116 1074 1004 993 923 859 860 792 742 680 719 750 645 679 599 617 594 574 643 569 561 465 533 529 498 452 495 436 460 119165 107440
SLiM_1_sum.txt_boot_005.txt 24476 12548 8074 6203 4942 4179 3574 3133 2800 2502 2337 2086 1949 1715 1741 1491 1431 1247 1294 1267 1066 1102 1112 1010 1064 904 872 792 881 779 880 788 804 680 713 694 615 711 635 625 548 565 550 596 530 519 506 544 474 37046 16307 9984 7101 5521 4505 3651 3124 2976 2516 2359 1967 1802 1778 1544 1473 1543 1244 1230 1117 1087 1092 1020 945 943 836 879 772 792 714 738 671 689 685 625 613 632 553 552 594 515 512 486 532 483 450 473 478 488 119327 107408
SLiM_1_sum.txt_boot_006.txt 24430 12498 7933 6048 4942 4137 3515 3057 2760 2448 2244 2096 1879 1620 1698 1539 1450 1317 1366 1214 1076 1066 1105 1007 1017 962 985 842 879 759 913 796 713 724 695 672 651 713 640 585 557 590 550 528 498 471 531 497 470 37229 16319 10029 7390 5667 4410 3699 3133 2946 2532 2363 2005 1902 1682 1699 1473 1472 1219 1234 1183 1081 1066 1024 947 898 814 864 758 727 727 734 731 654 696 650 572 621 602 564 534 515 502 501 511 502 434 515 434 473 119093 107089
SLiM_1_sum.txt_boot_007.txt 24602 12458 7980 6046 5067 4081 3587 3057 2778 2394 2247 2152 1937 1738 1718 1440 1438 1389 1374 1234 1034 1091 1095 1005 965 1017 897 860 826 854 877 755 742 741 646 687 661 670 579 617 557 581 528 564 508 486 490 527 457 37324 16093 9777 7351 5531 4542 3649 3123 2952 2492 2326 1993 1846 1763 1592 1504 1411 1212 1209 1196 1085 1111 1001 996 956 767 816 746 722 774 754 716 691 726 618 640 597 584 586 557 554 508 508 493 537 418 513 473 464 119732 107168
SLiM_1_sum.txt_boot_008.txt 24435 12323 8011 6207 4892 4094 3556 3029 2776 2412 2272 2014 1927 1677 1732 1487 1432 1338 1360 1253 1096 1116 1057 1026 1031 920 897 828 836 819 882 788 765 703 718 606 600 729 603 603 531 553 573 571 547 492 508 540 461 37188 16260 9936 7324 5553 4444 3786 3135 2864 2433 2403 2034 1885 1693 1535 1463 1497 1185 1248 1148 1080 1085 1014 913 886 785 816 781 740 710 776 724 697 721 628 617 594 609 596 582 517 495 505 523 481 435 469 464 469 119066 107435
SLiM_1_sum.txt_boot_009.txt 24702 12326 7964 6045 4898 4161 3537 3031 2739 2450 2300 2121 1885 1670 1724 1494 1401 1269 1391 1221 1126 1124 1088 1010 975 968 870 853 817 819 825 751 771 723 667 649 637 692 615 643 595 550 595 595 578 488 481 543 469 37058 16227 9886 7352 5521 4543 3675 3193 2928 2514 2258 2010 1894 1785 1630 1556 1496 1275 1139 1190 1065 1079 1011 972 962 800 801 773 772 706 660 747 667 637 612 625 629 569 594 610 546 454 503 486 497 436 521 475 450 119631 106996
SLiM_1_sum.txt_boot_010.txt 24433 12468 7908 6099 5033 4150 3619 2953 2740 2408 2313 2055 1877 1725 1688 1528 1477 1258 1292 1180 1105 1115 1027 1015 1000 988 890 852 854 783 803 719 719 719 650 662 634 679 618 629 575 493 538 540 571 530 521 554 469 36857 16168 9744 7261 5628 4525 3737 3098 2886 2448 2422 2018 1910 1752 1574 1504 1528 1253 1208 1166 1097 1099 1015 965 954 832 859 739 725 713 727 721 656 651 604 556 576 543 593 552 562 545 501 506 531 439 489 439 453 120045 106949
SLiM_1_sum.txt_boot_011.txt 24566 12606 8161 6131 4893 4028 3675 3170 2761 2458 2262 2072 1907 1696 1765 1532 1478 1325 1384 1202 1146 1159 1087 980 1011 960 909 767 863 754 808 725 780 726 717 657 627 715 649 575 583 553 512 603 508 481 516 519 468 37493 16301 9684 7199 5683 4482 3785 3034 2964 2424 2342 2041 1907 1734 1572 1513 1525 1257 1228 1129 1022 1190 1019 992 922 887 871 764 766 725 703 734 664 639 609 571 600 562 529 556 521 495 526 486 514 472 505 482 494 119399 106908
SLiM_1_sum.txt_boot_012.txt 24527 12566 8015 6060 4889 4019 3590 3014 2754 2495 2205 2162 1920 1704 1737 1546 1457 1311 1354 1266 1044 1078 1051 991 962 976 935 854 857 801 814 769 730 722 631 683 642 662 610 651 584 573 533 574 524 486 502 507 458 37012 16258 9808 7124 5686 4572 3706 3195 2906 2467 2376 2080 1884 1789 1613 1465 1504 1179 1209 1089 1053 1121 970 952 951 831 788 777 769 683 703 706 632 700 628 608 633 587 589 569 548 518 538 505 528 466 486 475 469 119743 106215
SLiM_1_sum.txt_boot_013.txt 24543 12377 8019 6189 4924 4109 3546 3003 2729 2459 2234 2137 1930 1680 1679 1510 1433 1321 1385 1254 1077 1053 1077 1031 1025 969 906 764 826 787 836 751 768 717 690 662 667 630 616 593 556 526 580 544 537 507 499 577 490 37079 16302 9831 7205 5721 4484 3723 3171 2918 2504 2399 2041 1808 1693 1618 1550 1503 1219 1260 1170 1121 1116 1047 946 903 835 840 827 772 727 730 742 669 662 586 597 589 570 631 551 542 466 471 524 560 473 481 490 472 119078 106986
SLiM_1_sum.txt_boot_014.txt 24732 12459 7916 6035 4933 3980 3521 3061 2669 2444 2169 2080 1932 1733 1682 1526 1433 1284 1341 1245 1101 1156 1021 980 989 958 918 835 797 792 803 781 719 698 666 654 626 668 570 589 548 572 540 556 508 513 530 487 464 36896 16051 9884 7365 5645 4556 3670 3251 2916 2456 2305 2004 1868 1695 1540 1505 1526 1212 1199 1164 1042 1112 1020 943 951 820 813 783 775 713 712 674 660 693 631 644 593 589 592 537 522 526 507 530 564 435 486 492 507 118848 107622
SLiM_1_sum.txt_boot_015.txt 24532 12465 8082 5957 5017 4107 3609 2985 2920 2483 2222 2103 1952 1730 1684 1520 1440 1318 1399 1294 1077 1099 1080 1036 976 924 941 841 892 775 854 771 746 722 695 666 712 712 605 581 554 567 548 558 525 519 511 520 478 36897 16328 9996 7265 5645 4509 3663 3256 2949 2394 2442 2007 1863 1804 1560 1520 1471 1218 1190 1189 1085 1147 992 957 908 823 885 773 707 696 706 752 622 700 557 563 593 535 562 512 528 466 476 522 491 439 486 492 502 119382 107404
SLiM_1_sum.txt_boot_016.txt 24515 12462 8000 6181 5013 4067 3599 3042 2828 2449 2217 2010 1962 1740 1716 1480 1435 1231 1353 1183 1039 1109 1088 1044 966 945 916 845 822 811 872 794 803 730 697 666 637 685 601 619 546 570 551 570 572 503 512 526 485 37112 15887 9996 7249 5709 4458 3728 3150 2879 2434 2338 2027 1931 1725 1534 1486 1463 1253 1209 1156 1030 1121 1035 951 992 787 857 778 799 685 673 716 668 657 623 596 627 588 561 516 597 435 516 493 569 445 501 466 483 119424 107213
SLiM_1_sum.txt_boot_017.txt 24389 12333 8203 6176 4906 4145 3614 3047 2838 2454 2262 2022 1996 1745 1689 1435 1478 1240 1463 1206 1052 1106 1117 1024 1002 931 889 858 837 831 803 783 808 748 665 659 596 662 605 568 568 520 529 570 511 514 494 523 487 36914 15988 9860 7169 5615 4489 3693 3227 2960 2462 2317 2101 1896 1641 1540 1493 1468 1186 1251 1150 1085 1097 958 995 910 783 832 754 802 739 772 709 665 724 616 621 635 585 604 547 527 492 508 562 503 456 501 470 471 119268 107218
SLiM_1_sum.txt_boot_018.txt 24445 12289 8034 6053 4957 4044 3677 2962 2792 2505 2226 2058 1935 1706 1749 1534 1382 1374 1363 1201 1114 1070 1006 967 1024 958 891 863 877 789 872 758 793 693 692 671 656 699 622 611 583 540 538 612 515 524 538 546 497 36815 16054 9951 7148 5606 4566 3737 3096 2923 2542 2426 2052 1827 1747 1514 1477 1453 1228 1158 1169 1094 1078 991 921 938 802 819 775 771 725 687 707 685 744 639 582 647 584 581 526 561 516 511 471 558 461 465 502 511 119345 107512
SLiM_1_sum.txt_boot_019.txt 24539 12498 8065 6051 4986 4135 3599 2994 2683 2404 2292 2076 1986 1684 1658 1523 1426 1323 1434 1274 1040 1115 1075 974 974 907 904 795 789 759 828 693 801 722 605 646 632 695 608 570 542 562 587 536 511 540 543 524 457 37112 16139 9922 7277 5555 4484 3673 3253 2949 2392 2289 2031 1848 1693 1545 1597 1488 1210 1224 1150 1095 1119 1051 940 896 828 806 740 757 668 692 717 682 657 593 630 614 526 577 517 545 501 488 541 499 481 502 497 496 119376 107317
SLiM_1_sum.txt_boot_020.txt 24614 12476 7952 6064 4970 4094 3598 3061 2807 2488 2252 2109 1916 1741 1738 1470 1478 1321 1342 1274 1004 1097 1040 1037 1023 914 900 813 826 793 852 796 749 741 623 644 669 688 626 649 516 566 564 601 512 493 557 487 460 37008 16055 9831 7261 5669 4493 3711 3246 2992 2389 2371 2020 1794 1705 1542 1460 1468 1233 1182 1139 1044 1135 1039 944 923 898 855 773 753 733 724 732 626 670 557 589 622 576 618 553 540 485 513 499 556 435 513 484 497 119750 107551
SLiM_1_sum.txt_boot_021.txt 24488 12462 8083 6264 4889 4066 3676 3094 2803 2431 2278 2081 1921 1702 1764 1438 1419 1266 1340 1307 1067 1164 1062 1005 995 975 921 856 897 787 808 744 811 718 654 648 664 636 639 594 555 560 533 549 505 525 503 499 480 37238 15851 10035 7130 5613 4535 3725 3192 2912 2491 2369 2062 1849 1694 1581 1532 1489 1192 1227 1197 1037 1059 1043 955 908 780 801 796 737 710 723 690 652 674 585 601 620 568 560 540 541 476 500 524 492 434 469 481 432 119130 107759
SLiM_1_sum.txt_boot_022.txt 24344 12539 7973 5944 4904 4083 3661 3049 2824 2411 2196 2112 1958 1702 1732 1499 1430 1288 1364 1237 1054 1064 1063 983 1026 1006 939 873 846 836 788 786 789 755 691 697 680 642 621 616 535 580 543 548 538 513 538 522 478 36935 16210 10014 7256 5550 4431 3673 3239 2980 2510 2425 2057 1794 1743 1547 1501 1510 1267 1293 1238 1048 1204 1057 964 971 812 835 749 783 691 739 698 644 653 632 630 600 578 559 546 579 493 503 561 516 440 519 487 484 119065 107410
SLiM_1_sum.txt_boot_023.txt 24565 12377 8028 6022 4918 4030 3605 3031 2693 2397 2318 2024 1930 1711 1746 1532 1477 1303 1305 1198 1115 1117 1090 952 1001 910 868 848 838 792 858 780 798 679 650 652 636 729 614 615 588 578 564 545 527 509 566 490 447 36896 16174 9935 7122 5678 4603 3679 3173 2887 2361 2292 2002 1927 1767 1539 1510 1546 1235 1264 1235 1073 1063 1067 1018 943 834 824 817 775 708 699 707 661 691 636 604 592 584 592 588 554 465 522 477 496 486 448 487 472 119406 107288
SLiM_1_sum.txt_boot_024.txt 24697 12424 7965 6175 4994 4104 3599 3015 2679 2407 2307 2060 1894 1645 1706 1526 1414 1252 1368 1164 1070 1171 1028 997 1021 942 857 868 824 796 858 800 792 774 671 678 671 707 600 630 576 568 594 568 553 471 521 543 432 36928 16248 10112 7129 5682 4401 3709 3189 2911 2466 2390 2094 1879 1782 1553 1537 1530 1217 1274 1151 1043 1042 1014 972 950 824 838 709 800 712 688 708 593 703 632 615 590 562 591 620 557 486 510 525 530 445 493 496 505 119544 107847
SLiM_1_sum.txt_boot_025.txt 24602 12484 8134 6089 4897 4083 3583 3053 2769 2493 2285 2229 1975 1676 1769 1597 1512 1294 1443 1243 1054 1104 1052 965 1005 961 922 856 856 771 870 789 765 709 659 651 656 718 602 631 572 530 561 537 538 546 525 526 467 37427 16317 9956 6968 5651 4513 3669 3158 2997 2390 2380 1989 1853 1738 1596 1515 1468 1220 1189 1172 1029 1037 1039 954 917 817 832 796 758 674 711 725 628 701 584 569 627 617 611 583 569 500 547 518 520 453 488 448 513 119448 106973
SLiM_1_sum.txt_boot_026.txt 24838 12246 8111 6068 4907 4228 3554 3016 2837 2388 2241 2107 1901 1691 1753 1475 1459 1339 1386 1175 1052 1048 1059 1017 1051 902 916 852 823 803 880 775 757 722 671 679 610 675 596 612 552 563 559 554 532 517 490 564 462 36466 16043 10009 7167 5717 4518 3808 3234 2909 2512 2382 2077 1821 1691 1622 1532 1422 1283 1231 1140 1121 1080 1013 951 953 860 837 754 798 686 719 727 672 707 621 599 589 618 586 521 471 484 494 562 524 457 483 471 458 119423 107727
SLiM_1_sum.txt_boot_027.txt 24563 12421 8074 6036 4916 4173 3620 3002 2692 2454 2335 2047 1958 1692 1754 1476 1475 1283 1353 1186 1048 1159 1074 1024 1011 953 874 892 871 751 877 717 746 691 686 708 635 605 638 651 567 557 525 568 519 533 482 545 477 36696 16080 9849 7165 5545 4373 3666 3108 2852 2568 2309 2050 1854 1652 1552 1522 1453 1272 1250 1183 1105 1099 982 990 981 857 849 795 791 733 758 712 682 668 606 632 590 597 626 558 545 533 524 544 549 421 538 495 481 120220 107430
SLiM_1_sum.txt_boot_028.txt 24700 12430 8011 6035 4929 4020 3647 2979 2824 2419 2307 2054 1853 1718 1650 1551 1394 1236 1377 1234 1138 1115 1064 1025 972 975 874 831 844 784 850 765 795 780 693 691 702 748 618 623 565 582 553 564 567 489 532 544 418 36869 16128 10008 7139 5555 4549 3619 3163 2969 2383 2333 2131 1868 1710 1520 1499 1449 1263 1207 1161 1058 1063 964 942 944 772 900 782 734 689 727 781 693 718 603 568 637 578 620 559 552 495 473 554 527 423 472 488 450 119727 107934
SLiM_1_sum.txt_boot_029.txt 24839 12327 8171 6116 4928 4068 3634 3071 2782 2492 2266 2035 1853 1739 1672 1520 1457 1287 1365 1309 1095 1118 1070 987 1020 974 860 879 857 765 884 788 813 740 684 694 618 719 645 609 578 532 523 584 507 499 487 549 467 36946 16009 10076 7138 5561 4513 3759 3174 2983 2427 2432 2087 1886 1759 1590 1448 1471 1211 1207 1185 1071 1092 1017 956 933 811 852 779 744 692 719 719 702 698 620 621 634 593 553 515 530 496 504 507 492 428 524 478 474 119084 107481
SLiM_1_sum.txt_boot_030.txt 24572 12388 8107 5924 4951 4058 3520 3056 2805 2437 2243 2088 1975 1774 1717 1535 1436 1280 1348 1201 1096 1101 1113 971 968 979 850 849 842 799 881 756 794 723 652 691 668 713 615 653 589 545 582 570 537 480 483 564 436 36846 16205 9902 7201 5674 4455 3799 3196 2964 2461 2310 1990 1903 1775 1556 1448 1575 1229 1231 1164 1035 1114 1034 931 964 873 877 774 798 693 742 748 670 667 630 634 611 581 594 572 541 489 495 492 503 440 503 435 502 119419 107284
SLiM_1_sum.txt_boot_031.txt 24292 12327 8003 6046 4852 4189 3638 3083 2745 2461 2188 2093 1881 1695 1671 1524 1471 1308 1419 1222 1094 1066 1134 995 996 907 891 825 852 777 838 772 804 724 665 674 706 719 618 651 552 586 543 592 507 491 477 505 485 36728 15937 9925 7273 5645 4491 3665 3279 2914 2445 2392 1991 1852 1685 1532 1510 1533 1218 1244 1105 1083 1103 1057 946 917 868 841 791 761 724 679 679 676 653 618 615 655 524 589 553 596 444 463 528 533 436 533 531 503 119454 107307
SLiM_1_sum.txt_boot_032.txt 24714 12329 8031 6128 4983 4188 3575 2968 2728 2412 2248 2031 1826 1660 1778 1549 1374 1300 1377 1344 1091 1106 1080 999 1039 940 860 807 840 834 797 773 812 739 721 657 692 717 599 595 542 547 558 522 552 489 565 544 482 36904 15991 9744 7176 5597 4637 3719 3170 2872 2491 2332 2026 1801 1746 1503 1491 1482 1225 1246 1160 1087 1149 1007 1004 907 834 832 776 746 666 731 722 678 661 613 645 584 584 599 568 502 488 488 549 509 472 483 454 506 119494 107445
SLiM_1_sum.txt_boot_033.txt 24164 12459 7956 6191 4971 4070 3530 3030 2744 2548 2246 2117 1940 1677 1736 1480 1384 1287 1408 1238 1083 1080 1079 1028 980 956 897 873 880 804 825 794 756 710 678 655 648 741 572 612 577 586 548 563 485 510 578 547 454 36834 16166 9997 7206 5569 4536 3664 3233 2840 2449 2300 2011 1908 1612 1579 1462 1595 1313 1257 1170 1103 1140 964 959 972 849 866 755 766 704 753 685 660 675 593 610 577 583 587 522 518 474 465 505 539 467 500 460 454 119744 107654
SLiM_1_sum.txt_boot_034.txt 24727 12382 8031 6079 4961 4135 3679 3004 2775 2462 2200 2062 2038 1724 1701 1530 1432 1303 1378 1213 1095 1066 1065 976 1028 938 899 863 824 785 801 788 813 721 615 675 632 723 601 612 602 509 536 600 576 540 500 520 459 37165 16132 10023 7071 5541 4403 3770 3176 2940 2442 2419 1973 1885 1670 1564 1467 1457 1272 1249 1205 1146 1179 980 932 913 788 826 776 736 736 727 724 649 663 589 611 586 592 610 542 544 491 515 482 517 455 483 467 499 119440 106895
SLiM_1_sum.txt_boot_035.txt 24751 12337 8085 6136 4937 4077 3563 3046 2830 2395 2232 2036 1906 1685 1686 1496 1387 1326 1381 1258 1089 1114 1053 990 993 941 859 876 861 778 816 780 770 724 715 627 650 657 628 615 548 552 534 599 554 490 491 556 468 37485 16223 9999 7237 5593 4458 3672 3113 2978 2432 2352 2042 1755 1689 1492 1511 1513 1275 1193 1146 1069 1074 1030 892 925 843 808 708 792 687 704 701 669 688 614 663 633 585 597 526 564 492 471 530 534 433 524 473 495 119047 107453
SLiM_1_sum.txt_boot_036.txt 24600 12199 8051 6255 4840 4106 3560 3002 2740 2474 2194 2146 1931 1719 1705 1554 1436 1339 1304 1267 1102 1086 1052 1030 1025 947 861 848 832 809 840 768 776 697 680 644 605 668 601 647 555 553 536 557 537 515 501 568 459 36907 16183 9877 7096 5597 4475 3747 3217 2897 2445 2308 1956 1881 1730 1590 1499 1488 1252 1185 1209 1123 1116 1024 948 995 872 860 797 757 742 796 715 665 679 642 647 625 561 570 567 535 489 495 570 515 460 464 470 449 119221 107310
SLiM_1_sum.txt_boot_037.txt 24607 12345 8012 6028 4812 4074 3588 3115 2807 2398 2294 2087 1981 1736 1738 1543 1479 1294 1344 1182 1009 1089 1077 1008 1034 939 892 907 803 823 842 757 771 699 626 670 687 697 598 605 529 522 602 551 505 522 540 555 504 37290 16012 9892 7192 5530 4564 3689 3111 2929 2467 2442 2035 1900 1740 1533 1412 1523 1271 1202 1190 1115 1086 1058 954 929 841 811 759 781 695 712 729 652 702 618 584 592 580 581 532 541 501 521 460 499 475 569 496 526 119443 107076
SLiM_1_sum.txt_boot_038.txt 24690 12676 8040 6099 4941 3988 3652 3067 2738 2430 2227 2079 1936 1644 1801 1482 1373 1278 1342 1284 1036 1131 1072 1040 1015 992 926 832 836 818 878 770 770 704 672 689 658 731 645 606 601 544 579 525 530 510 568 499 470 37021 16177 9930 7092 5540 4500 3761 3222 2875 2482 2328 2029 1845 1744 1579 1469 1478 1276 1230 1212 1094 1075 1042 974 965 762 854 763 765 711 728 709 664 682 574 602 599 553 574 570 528 490 541 561 518 445 525 439 504 119634 107566
SLiM_1_sum.txt_boot_039.txt 24537 12403 8078 6085 4920 4116 3629 3029 2731 2504 2139 2016 1876 1683 1684 1570 1440 1316 1386 1234 1125 1128 1089 998 1007 920 896 837 860 777 852 732 755 695 678 655 678 695 598 635 557 541 561 572 558 547 506 524 491 36726 16266 9906 7018 5667 4368 3683 3155 2947 2403 2278 2072 1863 1769 1671 1477 1563 1241 1195 1182 1021 1157 1011 971 879 811 830 728 798 738 748 727 653 694 600 621 635 568 597 526 559 536 492 525 455 441 491 470 522 119595 107477
SLiM_1_sum.txt_boot_040.txt 24661 12447 7984 6176 4833 4002 3554 3008 2738 2396 2194 2120 1878 1690 1659 1490 1425 1289 1399 1236 1063 1069 1108 967 968 954 889 863 881 805 825 769 756 686 719 658 646 744 617 611 569 553 526 584 540 499 507 527 447 37228 15925 10085 7166 5521 4482 3745 3184 2882 2410 2315 2038 1795 1665 1580 1521 1576 1171 1227 1217 1111 1091 1053 993 896 859 866 749 792 726 722 695 673 701 603 641 626 557 556 556 532 486 487 475 475 425 476 482 454 119847 107526
SLiM_1_sum.txt_boot_041.txt 24739 12527 8105 6095 4918 4109 3634 2980 2799 2467 2302 2071 1938 1646 1694 1445 1444 1365 1396 1275 1057 1107 1062 999 1043 969 894 824 857 782 814 720 787 744 668 750 657 738 624 540 577 565 557 564 557 490 530 502 466 37509 16055 9894 7105 5491 4417 3701 3060 2822 2505 2406 2014 1826 1734 1616 1487 1544 1208 1235 1169 1052 1163 1068 935 890 874 838 720 777 691 690 726 644 708 630 612 613 563 601 538 526 477 505 507 496 451 483 493 472 119251 107172
SLiM_1_sum.txt_boot_042.txt 24819 12326 8122 6291 4885 4257 3602 3023 2738 2421 2186 2140 1950 1668 1706 1465 1414 1311 1390 1261 1056 1170 1084 1000 966 970 916 797 887 833 854 800 795 701 709 693 615 721 585 625 570 587 546 572 539 504 506 489 452 37021 16225 9796 7210 5570 4588 3656 3110 2997 2397 2421 1967 1810 1693 1539 1576 1440 1213 1222 1213 1065 1080 993 957 945 828 829 771 715 725 717 719 638 670 565 589 635 586 591 571 539 487 532 507 528 436 456 438 476 118930 107704
SLiM_1_sum.txt_boot_043.txt 24340 12529 8037 5981 4962 3928 3598 2959 2770 2490 2303 2074 1871 1727 1772 1564 1456 1311 1417 1222 1086 1009 1009 911 976 938 934 847 875 823 886 759 745 696 686 659 675 674 605 612 566 541 540 522 538 513 541 541 423 36708 16305 9929 7244 5545 4454 3718 3225 2994 2459 2290 2023 1864 1752 1596 1486 1501 1215 1163 1211 1032 1139 1013 978 869 819 848 743 715 693 709 755 672 673 616 629 608 580 612 524 534 478 515 527 526 469 551 495 466 119386 107297
SLiM_1_sum.txt_boot_044.txt 24675 12288 7960 6053 4922 4116 3442 2985 2711 2568 2255 2029 1951 1696 1703 1485 1421 1302 1387 1217 1094 1103 1070 1014 958 889 921 868 869 786 886 723 773 637 671 678 668 693 621 572 596 581 523 567 498 478 515 537 455 37311 16179 9957 7157 5569 4479 3596 3112 2936 2411 2269 1967 1793 1679 1580 1516 1551 1240 1189 1194 1075 1070 1063 1009 930 863 907 777 764 736 739 711 716 719 608 582 598 597 589 557 515 458 465 470 517 458 488 453 466 118899 108161
SLiM_1_sum.txt_boot_045.txt 24813 12320 8012 6094 4908 4089 3639 3007 2698 2417 2236 2094 1892 1680 1737 1533 1494 1240 1384 1268 1131 1101 1062 1022 960 994 851 804 855 840 816 733 808 679 723 687 639 713 629 605 555 559 589 522 499 535 511 522 457 36965 16025 9817 7172 5593 4540 3755 3153 2960 2443 2303 2061 1882 1676 1624 1447 1479 1240 1155 1197 1098 1105 977 953 916 790 835 738 766 713 700 689 663 650 599 636 665 583 594 510 513 481 482 493 517 432 491 490 461 119464 107497
SLiM_1_sum.txt_boot_046.txt 24394 12346 8159 6161 4809 4082 3433 3108 2717 2414 2187 2158 1969 1722 1739 1477 1491 1350 1299 1285 1087 1119 1028 1021 1000 927 946 815 863 772 800 802 740 735 687 698 672 680 616 618 560 577 539 554 507 494 512 559 417 36973 16069 9882 7131 5622 4493 3629 3152 2899 2487 2359 2015 1885 1623 1652 1559 1432 1222 1160 1171 1121 1151 958 996 926 842 861 803 759 678 725 734 678 709 595 606 612 562 585 630 549 457 544 527 547 441 514 484 453 119026 106962
SLiM_1_sum.txt_boot_047.txt 24559 12421 8018 6074 4947 4138 3678 3019 2791 2467 2265 2087 1956 1688 1724 1490 1499 1288 1404 1254 1081 1156 1018 871 979 985 939 834 836 767 840 730 817 703 676 667 659 681 631 570 585 507 556 547 538 487 542 539 454 37085 15962 9803 7166 5617 4537 3769 3125 2819 2503 2406 2083 1906 1757 1562 1527 1467 1271 1229 1170 1048 1110 1038 950 896 771 867 732 768 704 702 752 668 630 619 606 605 577 559 597 543 508 494 511 500 446 473 476 456 120198 107621
SLiM_1_sum.txt_boot_048.txt 24458 12586 8020 6171 5004 4033 3646 3066 2741 2451 2260 2092 1901 1663 1744 1466 1471 1339 1346 1257 1076 1125 1082 1023 993 931 886 843 838 857 786 782 733 719 688 677 656 718 650 618 537 531 523 543 503 546 548 553 484 37039 15977 10120 7025 5619 4459 3641 3072 2887 2485 2336 2005 1883 1726 1521 1479 1491 1221 1201 1175 1029 1108 1013 889 866 832 855 753 752 715 720 735 692 694 564 622 640 581 603 498 540 514 523 567 487 450 511 440 450 119503 107310
SLiM_1_sum.txt_boot_049.txt 24379 12432 8153 6165 4928 4066 3717 3085 2751 2427 2285 2154 1909 1669 1806 1581 1490 1223 1341 1243 1077 1150 1086 965 1058 941 886 873 873 821 792 827 779 735 657 671 650 730 597 607 587 558 598 570 569 513 527 516 487 36760 16178 10061 7018 5672 4565 3774 3114 2861 2469 2319 2054 1912 1711 1587 1512 1429 1237 1193 1130 1093 1101 1068 965 919 809 797 774 750 748 765 681 626 668 639 588 619 541 607 566 557 517 471 492 560 429 510 473 465 118633 107461
SLiM_1_sum.txt_boot_050.txt 24761 12400 8006 6075 4836 4175 3702 2969 2795 2400 2244 2080 1965 1688 1755 1442 1457 1275 1328 1195 1122 1078 1103 983 962 970 905 857 802 835 859 822 801 721 640 623 627 720 629 629 587 520 542 557 566 479 495 488 448 37129 16118 9971 7217 5814 4445 3684 3229 2864 2459 2327 1943 1898 1768 1704 1467 1477 1282 1248 1186 1051 1070 985 884 895 831 862 784 801 695 724 731 638 671 636 595 640 578 641 539 522 520 507 471 525 436 478 513 468 119031 107525
SLiM_1_sum.txt_boot_051.txt 24527 12479 7998 6118 4915 4058 3617 3054 2732 2472 2331 2064 1929 1633 1737 1587 1401 1313 1335 1208 1148 1092 1040 1004 974 913 878 832 889 810 858 815 755 756 698 685 643 712 614 604 602 590 570 556 512 497 517 539 471 37245 16037 9798 7089 5536 4483 3780 3217 2949 2472 2315 2089 1828 1662 1497 1490 1501 1207 1248 1206 1124 1138 1032 916 945 826 796 721 784 730 690 661 666 668 595 641 623 544 605 587 507 511 521 508 536 434 523 457 485 119677 107184
SLiM_1_sum.txt_boot_052.txt 24447 12315 8049 6144 5049 4065 3667 3091 2808 2403 2222 2075 1912 1649 1681 1564 1360 1359 1344 1252 1072 1071 1109 1031 1019 955 891 843 878 809 864 839 787 695 710 646 640 676 604 592 588 588 557 573 524 496 499 509 503 36807 16003 9907 7110 5651 4496 3722 3169 2864 2530 2300 1974 1775 1654 1637 1466 1477 1292 1261 1229 1055 1065 1013 929 939 877 827 770 776 689 723 735 637 742 597 600 592 623 631 555 514 506 553 522 534 456 489 474 469 119766 107402
SLiM_1_sum.txt_boot_053.txt 24671 12305 7956 6095 4944 4078 3603 2999 2747 2482 2209 2105 1953 1726 1716 1466 1444 1293 1461 1246 1024 1085 1044 965 949 975 937 847 834 795 799 773 781 735 633 692 682 683 595 590 517 522 538 557 584 498 510 516 458 37090 16000 9780 7239 5557 4574 3726 3152 2865 2437 2252 2015 1817 1701 1602 1464 1433 1293 1201 1207 1107 1101 969 997 932 811 838 785 778 731 679 755 642 674 615 615 569 558 611 582 521 490 514 486 548 430 524 476 449 119694 107561
SLiM_1_sum.txt_boot_054.txt 24590 12404 8122 6136 4911 4206 3658 3019 2749 2399 2274 2075 1914 1732 1725 1473 1445 1357 1335 1226 1087 1057 1081 936 986 964 878 869 805 776 812 721 818 703 652 676 617 713 616 642 538 562 507 518 541 537 532 553 441 37138 16389 10005 7262 5533 4494 3706 3211 2899 2400 2228 2045 1841 1832 1563 1424 1507 1218 1184 1249 1090 1158 1028 989 927 820 830 791 751 737 693 736 666 692 616 601 639 554 619 539 479 481 522 510 525 459 477 479 500 119269 107607
SLiM_1_sum.txt_boot_055.txt 24495 12438 8071 6130 4821 3955 3465 3015 2808 2450 2202 2059 1953 1689 1736 1477 1431 1336 1274 1224 1115 1113 1069 1052 1042 954 939 842 868 851 802 832 718 734 637 676 652 678 625 587 525 592 564 563 524 486 511 495 498 37086 16075 9873 7116 5825 4472 3811 3185 2904 2443 2365 2052 1749 1792 1525 1562 1479 1266 1193 1143 1065 1097 997 928 937 856 846 789 772 708 701 707 611 647 636 603 613 568 610 532 531 483 500 505 530 446 519 484 454 119456 107662
SLiM_1_sum.txt_boot_056.txt 24464 12288 8086 6032 4976 4015 3508 3014 2761 2328 2159 2117 1906 1673 1674 1539 1441 1287 1358 1216 1063 1066 1128 940 1010 988 921 783 894 789 850 778 801 709 666 649 668 700 583 602 558 557 587 547 564 477 521 547 473 36821 16072 9882 7221 5597 4549 3831 3146 2948 2459 2373 1912 1799 1818 1595 1511 1450 1260 1240 1182 1068 1133 1079 1001 881 873 855 778 793 768 713 738 676 729 582 663 574 566 594 556 558 475 509 506 547 451 485 456 459 119612 106889
SLiM_1_sum.txt_boot_057.txt 24377 12435 8111 6170 4928 4169 3622 3075 2772 2390 2251 2048 1919 1650 1667 1486 1376 1335 1362 1195 1095 1133 1078 989 940 900 857 856 867 794 846 791 747 731 675 649 631 725 617 617 583 517 535 566 517 528 538 568 430 37045 15999 9873 7020 5565 4500 3838 3192 2878 2446 2292 2039 1804 1726 1612 1455 1499 1231 1249 1183 1085 1115 967 975 984 824 895 755 804 686 716 749 685 703 649 642 612 550 649 538 553 460 464 514 484 484 484 469 457 120303 107731
SLiM_1_sum.txt_boot_058.txt 24698 12423 8053 6070 4993 4213 3562 3019 2816 2478 2213 2155 1991 1686 1668 1461 1418 1354 1411 1234 1070 1149 1090 1015 979 928 874 820 860 795 865 782 786 731 687 672 646 676 597 591 560 500 527 630 539 494 513 553 460 37026 16115 9979 7059 5455 4528 3700 3093 2897 2404 2333 2046 1812 1699 1585 1502 1499 1217 1226 1141 1130 1158 1023 915 915 782 846 765 789 671 697 702 658 717 603 626 632 558 617 510 521 457 512 507 522 441 508 438 476 119261 107653
SLiM_1_sum.txt_boot_059.txt 24683 12249 8116 6121 4859 4040 3698 3084 2805 2439 2205 1984 1881 1760 1706 1462 1477 1298 1415 1235 1097 1062 1042 1066 1014 909 882 821 904 834 813 747 795 694 680 651 654 715 614 592 537 548 530 498 523 540 509 525 459 36985 16027 9873 7186 5453 4372 3796 3223 2854 2521 2435 2034 1826 1694 1504 1474 1539 1242 1194 1184 1090 1114 1009 948 906 825 859 835 716 748 725 724 700 677 648 636 604 583 599 583 518 459 512 520 519 475 504 466 460 119989 107516
SLiM_1_sum.txt_boot_060.txt 24285 12274 7986 6092 4915 3996 3669 2974 2855 2483 2286 1934 1941 1629 1692 1544 1382 1291 1329 1247 1037 1173 1049 967 964 973 901 817 840 812 818 793 779 733 684 680 688 691 644 623 566 556 540 553 534 507 562 539 471 37041 16087 9742 7141 5501 4429 3704 3192 2899 2509 2369 2009 1800 1644 1571 1499 1448 1245 1203 1160 1034 1124 1049 933 896 816 831 726 765 720 717 740 673 669 602 590 575 556 569 512 507 465 499 517 551 447 515 455 504 119807 106693
SLiM_1_sum.txt_boot_061.txt 24283 12469 7959 6263 4862 4079 3576 3054 2640 2455 2229 2012 1910 1705 1673 1493 1423 1348 1468 1223 1072 1104 1063 971 1013 1014 969 864 847 842 850 727 801 674 723 609 633 691 596 584 598 565 545 579 538 486 506 518 509 37131 16136 9963 7174 5712 4434 3734 3117 2917 2543 2310 2079 1899 1642 1564 1505 1518 1193 1210 1203 1126 1108 1065 948 938 823 837 728 770 701 720 690 669 699 584 605 575 605 574 556 505 504 521 496 491 432 506 474 447 119433 107143
SLiM_1_sum.txt_boot_062.txt 24363 12096 7963 6076 4857 4142 3575 3053 2759 2347 2291 2038 1960 1784 1764 1530 1444 1329 1339 1173 1091 1120 1030 1025 983 980 894 822 791 787 843 772 797 726 643 688 630 706 586 603 598 547 537 610 520 533 546 519 505 37338 16298 9727 7256 5603 4613 3621 3132 2842 2479 2460 2013 1898 1716 1481 1488 1470 1261 1197 1128 1027 1130 1030 936 873 884 849 806 762 676 690 727 655 637 611 618 614 555 625 568 535 482 481 512 521 444 527 472 506 119920 106895
SLiM_1_sum.txt_boot_063.txt 24639 12559 8085 6079 4965 4174 3687 2925 2785 2395 2316 2113 1867 1685 1679 1531 1450 1294 1355 1218 1082 1116 1095 1022 973 926 901 879 905 823 802 755 770 655 676 633 653 677 633 610 567 580 548 532 589 556 534 514 444 37028 16226 10110 7149 5611 4528 3682 3114 2934 2389 2349 2127 1855 1701 1509 1543 1460 1296 1210 1112 1101 1089 1015 948 914 824 883 811 784 717 725 698 641 685 651 600 589 539 573 537 538 483 478 505 513 447 507 470 470 119522 108005
SLiM_1_sum.txt_boot_064.txt 24688 12646 8001 6100 4880 4120 3660 3002 2703 2443 2212 2091 1998 1687 1792 1545 1444 1232 1364 1196 1084 1164 1091 994 1019 984 916 853 855 797 826 720 712 697 693 613 661 725 624 603 574 524 543 530 540 492 498 527 493 36942 16216 9968 7170 5624 4503 3767 3160 2978 2440 2317 2007 1910 1715 1659 1515 1533 1255 1174 1240 1065 1116 1011 948 946 878 940 764 734 712 718 743 681 674 575 617 591 553 609 544 518 470 480 503 510 446 497 484 460 119312 107420
SLiM_1_sum.txt_boot_065.txt 24576 12419 8154 6061 4811 4077 3715 2952 2758 2395 2312 2061 1900 1744 1822 1481 1387 1288 1313 1251 1132 1100 1064 1029 988 960 874 834 845 781 821 831 806 729 615 659 613 680 613 590 554 538 508 541 523 503 517 492 473 37404 15940 10013 6889 5450 4479 3704 3204 2875 2504 2338 2068 1876 1725 1591 1573 1492 1267 1187 1117 1079 1118 1009 982 945 836 832 774 835 683 701 729 677 670 626 613 607 607 565 539 491 510 484 479 526 469 502 450 483 119938 107384
SLiM_1_sum.txt_boot_066.txt 24518 12549 7942 5922 4933 4097 3673 3051 2711 2473 2260 2116 1914 1739 1707 1555 1423 1269 1415 1220 1145 1120 1042 991 970 990 908 833 823 797 843 776 721 735 677 677 655 691 598 581 605 535 556 576 543 534 507 489 453 37196 16085 10050 7203 5670 4367 3643 3195 2971 2465 2309 1974 1890 1740 1582 1482 1488 1228 1209 1125 1104 1151 1037 956 938 849 842 735 791 722 719 718 669 736 589 630 623 612 604 523 530 470 542 494 534 449 485 461 475 119259 107049
SLiM_1_sum.txt_boot_067.txt 24680 12547 7918 6077 5000 4079 3607 3052 2733 2428 2264 2142 1931 1667 1767 1560 1410 1320 1341 1238 1083 1135 1062 976 1020 905 908 816 906 806 816 767 753 694 695 619 683 697 668 597 547 547 508 531 499 540 484 510 510 36783 16235 10038 7077 5622 4632 3661 3309 2960 2451 2319 1987 1842 1690 1615 1567 1477 1309 1160 1143 1054 1088 1011 976 991 791 840 756 778 705 721 717 657 637 602 642 601 589 586 552 531 464 493 511 482 428 491 473 480 119804 107442
SLiM_1_sum.txt_boot_068.txt 24410 12428 8046 6177 4975 4156 3758 3070 2757 2456 2223 2094 1883 1659 1743 1472 1393 1296 1332 1194 1060 1085 1091 965 1028 965 869 831 889 851 889 775 767 688 690 686 640 660 625 578 551 589 573 543 512 505 533 512 430 36946 16109 9884 7153 5553 4589 3807 3162 2944 2478 2303 1957 1928 1740 1557 1520 1483 1193 1195 1142 1029 1145 1058 992 956 864 867 767 761 719 717 750 698 682 600 653 625 575 572 539 548 491 527 501 498 440 503 476 529 119710 107262
SLiM_1_sum.txt_boot_069.txt 24403 12347 7989 6071 4851 4061 3601 3057 2779 2383 2286 2034 1999 1699 1727 1498 1434 1302 1421 1177 1066 1056 1127 1015 984 941 843 814 859 803 877 807 732 733 686 670 659 688 629 638 576 560 540 588 540 481 551 524 468 36828 16200 9810 7150 5673 4501 3715 3196 2938 2434 2304 1988 1940 1708 1600 1554 1513 1273 1245 1234 1072 1080 965 945 930 850 865 782 753 726 691 725 653 662 598 568 616 585 596 536 505 494 538 520 518 438 468 425 500 119801 107694
SLiM_1_sum.txt_boot_070.txt 24529 12149 8000 6274 4923 4209 3658 3031 2800 2451 2277 2110 1951 1688 1651 1587 1433 1289 1303 1223 1144 1150 1065 1004 984 933 882 818 856 779 876 753 765 737 703 660 614 678 608 631 533 555 592 517 522 486 468 508 455 37154 16379 9837 7093 5659 4457 3645 3160 2905 2291 2335 2082 1859 1651 1608 1534 1509 1258 1223 1175 1079 1110 975 962 881 861 797 761 774 714 742 688 641 692 603 607 572 580 585 611 507 495 472 507 472 425 489 415 506 119287 107730
SLiM_1_sum.txt_boot_071.txt 24457 12489 8087 6086 4914 4156 3510 3131 2768 2358 2188 2123 2007 1686 1703 1523 1468 1308 1403 1227 1096 1140 1071 1016 1103 951 862 847 852 802 836 815 747 753 682 636 624 682 616 624 576 532 559 590 579 500 538 514 429 36920 16051 9821 7257 5530 4476 3736 3132 2858 2423 2397 1913 1868 1726 1575 1409 1575 1280 1212 1207 1073 1118 1029 939 930 801 829 781 801 748 749 711 703 706 619 663 679 563 580 523 522 513 502 516 536 446 491 507 481 119307 107226
SLiM_1_sum.txt_boot_072.txt 24627 12222 8088 6006 4952 4071 3539 3044 2680 2474 2308 2086 1928 1694 1728 1559 1449 1284 1346 1272 1125 1120 1039 1005 991 974 917 858 895 781 855 744 708 758 711 684 600 673 657 622 567 525 499 548 539 523 503 541 436 37208 16102 9928 7077 5598 4424 3746 3122 2854 2384 2353 2056 1831 1789 1619 1505 1508 1221 1194 1199 1107 1106 1022 936 864 865 838 797 762 724 745 717 707 685 596 601 637 545 612 550 545 510 493 524 538 456 537 508 476 119655 106872
SLiM_1_sum.txt_boot_073.txt 24804 12334 8040 6203 4890 4179 3537 3027 2778 2365 2297 2057 1975 1707 1782 1541 1345 1343 1331 1253 1108 1107 1072 988 1016 951 858 872 866 809 807 762 739 758 666 643 647 666 624 612 580 542 554 529 536 464 506 528 459 37083 16003 9924 7192 5510 4491 3721 3238 2898 2411 2323 1997 1846 1702 1570 1478 1547 1251 1198 1221 1042 1127 1050 968 867 787 877 798 825 704 728 695 641 682 564 623 653 564 597 569 552 488 503 460 505 438 495 451 484 119324 107677
SLiM_1_sum.txt_boot_074.txt 24526 12314 8069 6077 5029 4164 3493 2995 2743 2431 2288 2077 1906 1671 1645 1475 1422 1331 1369 1294 1077 1121 1088 1010 1025 913 952 838 861 816 824 815 772 738 677 633 691 654 588 596 543 554 562 543 486 541 545 551 496 37108 16223 10075 7125 5609 4477 3729 3145 2901 2504 2345 2018 1860 1676 1539 1521 1484 1218 1152 1162 1087 1077 1046 980 922 836 803 779 763 669 725 744 692 700 660 620 618 596 646 559 594 509 468 536 514 409 502 450 466 119512 107012
SLiM_1_sum.txt_boot_075.txt 24447 12412 7956 6127 5024 4046 3595 2995 2720 2447 2277 2086 1947 1657 1741 1492 1453 1310 1347 1248 1115 1048 1047 988 1017 875 913 818 856 824 856 792 780 684 649 645 649 725 609 592 547 547 530 575 493 509 520 499 456 37023 16029 10008 7075 5674 4503 3754 3190 2911 2406 2322 2028 1862 1768 1511 1440 1458 1175 1226 1063 1120 1064 1051 913 913 842 820 739 787 738 694 722 706 708 604 682 619 591 595 560 521 466 495 512 486 451 487 481 470 119049 107105
SLiM_1_sum.txt_boot_076.txt 24314 12447 8310 5983 4981 4045 3588 3098 2698 2426 2200 2090 1917 1742 1730 1479 1453 1354 1402 1225 1079 1099 1079 1011 968 938 942 839 824 825 874 825 797 717 681 648 680 691 599 602 543 587 554 573 530 518 510 529 454 37153 16223 9945 7186 5592 4444 3754 3158 2948 2431 2311 2068 2002 1735 1589 1565 1490 1208 1252 1143 1143 1083 1057 926 922 795 850 761 761 699 723 707 654 744 625 603 617 551 626 563 523 487 513 541 506 457 552 454 485 119423 107440
SLiM_1_sum.txt_boot_077.txt 24751 12389 7997 6122 4838 4189 3578 3065 2694 2465 2251 2056 1905 1676 1705 1479 1411 1328 1294 1218 1103 1110 1089 1004 958 937 852 856 862 732 844 784 783 664 703 658 616 696 575 642 558 561 554 567 541 515 525 497 447 36820 16051 9902 7071 5597 4458 3712 3086 2897 2426 2347 1977 1838 1615 1648 1447 1455 1211 1244 1208 1089 1137 1047 955 868 851 865 770 757 721 690 766 656 682 574 633 623 577 588 585 576 490 507 528 503 478 538 470 455 120211 107496
SLiM_1_sum.txt_boot_078.txt 24531 12454 7870 6128 4886 4043 3539 3115 2802 2444 2287 2070 1947 1702 1737 1539 1421 1312 1382 1218 1103 1140 1012 960 990 951 920 835 886 856 834 762 731 698 669 670 644 646 623 619 549 553 572 540 515 524 500 514 451 36945 16176 9978 7165 5673 4566 3646 3237 2989 2492 2379 2021 1954 1761 1563 1489 1544 1184 1226 1179 1096 1138 1046 916 899 873 823 787 758 725 741 675 671 716 608 596 614 556 601 553 544 486 537 555 553 435 507 449 478 119245 107187
SLiM_1_sum.txt_boot_079.txt 24533 12393 8044 6102 4900 4067 3611 3046 2769 2413 2249 2019 1966 1672 1753 1475 1457 1285 1360 1271 1063 1094 1145 926 976 961 858 795 871 818 798 740 800 721 697 669 611 707 598 609 579 572 550 592 492 509 552 553 468 36960 16046 9920 7237 5478 4564 3782 3203 2934 2471 2371 2042 1768 1725 1590 1516 1517 1189 1283 1189 1127 1090 1008 1002 939 824 831 801 813 730 699 722 620 784 597 568 631 554 570 532 516 527 484 533 471 394 500 435 464 119482 106723
SLiM_1_sum.txt_boot_080.txt 24499 12408 7966 6058 4977 4167 3541 2995 2705 2542 2242 2061 1955 1736 1708 1455 1450 1276 1413 1183 1099 1125 1065 928 1060 940 920 814 864 758 785 762 737 710 675 621 653 699 595 614 559 587 535 545 527 505 521 632 442 37163 16274 9837 7067 5653 4587 3747 3184 2998 2495 2281 2009 1858 1741 1524 1446 1553 1284 1188 1217 1086 1148 1035 954 902 841 826 790 766 657 703 688 633 716 586 651 638 556 602 536 523 458 486 495 513 455 508 473 466 119909 107089
SLiM_1_sum.txt_boot_081.txt 24539 12350 8026 6210 4962 4009 3562 3060 2701 2425 2259 2054 1947 1731 1725 1496 1421 1291 1463 1195 1082 1054 1049 1022 1032 943 925 822 844 784 861 768 777 674 690 681 659 700 634 632 575 548 584 568 539 469 514 505 435 36829 16124 10072 7133 5625 4629 3783 3100 2979 2415 2292 1995 1921 1634 1579 1415 1512 1213 1216 1174 1120 1084 990 884 911 833 795 733 788 734 725 694 654 700 641 614 627 561 605 510 544 498 535 512 516 448 493 471 487 119597 106876
SLiM_1_sum.txt_boot_082.txt 24660 12383 8008 6070 4922 4163 3637 3140 2640 2396 2257 2093 1948 1709 1678 1480 1442 1267 1385 1221 1097 1122 1086 1028 960 953 924 873 841 836 833 743 774 733 680 703 669 682 594 580 585 540 511 567 501 540 500 489 478 36931 16333 9844 7202 5507 4498 3802 3084 2882 2452 2377 2011 1893 1675 1582 1452 1526 1224 1188 1205 1156 1109 1060 952 961 888 867 726 747 730 724 686 698 686 583 606 639 540 601 527 531 514 544 480 544 435 515 469 484 119708 107249
SLiM_1_sum.txt_boot_083.txt 24546 12439 7986 6133 4735 4030 3574 2965 2791 2398 2238 2091 1957 1753 1761 1549 1477 1247 1322 1246 1080 1066 1082 969 934 950 860 852 791 782 810 759 760 694 670 634 659 710 667 583 592 521 565 545 560 499 509 503 464 36931 16235 9884 7249 5496 4477 3718 3209 3008 2465 2360 2028 1898 1760 1549 1465 1499 1189 1252 1114 1110 1133 1045 913 879 855 808 701 752 696 719 711 680 660 622 602 578 592 619 544 515 505 444 543 507 449 507 450 483 118927 107653
SLiM_1_sum.txt_boot_084.txt 24516 12487 8054 6119 4928 3968 3629 3045 2735 2383 2325 2068 1967 1695 1740 1458 1426 1281 1392 1265 1162 1130 1018 951 1056 979 897 821 888 823 900 746 767 720 642 623 664 676 665 635 551 549 541 547 529 521 519 554 490 37260 16145 9923 7307 5563 4521 3663 3127 2854 2435 2331 1970 1854 1658 1547 1535 1474 1287 1163 1151 1085 1203 974 963 918 834 850 805 787 691 703 683 658 687 646 621 571 571 585 570 534 510 550 522 494 439 510 494 484 119288 106408
SLiM_1_sum.txt_boot_085.txt 24485 12358 8102 6200 4825 4051 3532 3043 2776 2453 2236 2099 1864 1697 1758 1468 1431 1183 1278 1261 1085 1168 1052 994 930 957 941 837 890 801 860 763 799 734 653 661 637 657 611 581 516 547 586 562 571 503 528 569 452 36715 16052 9919 7217 5465 4583 3786 3188 2952 2498 2330 2072 1863 1772 1526 1518 1478 1200 1205 1151 1087 1064 986 931 936 815 834 767 745 732 775 709 693 669 575 618 608 559 565 536 529 495 527 533 506 397 525 458 497 119112 106807
SLiM_1_sum.txt_boot_086.txt 24787 12387 7985 6145 4996 4098 3569 3041 2754 2458 2260 2036 1979 1771 1728 1522 1474 1263 1346 1224 1100 1036 1044 1021 936 899 896 855 855 777 869 760 765 702 660 655 592 677 630 631 577 589 566 549 531 495 530 526 439 37116 16105 9792 7166 5455 4460 3731 3141 2858 2380 2341 2036 1851 1704 1499 1473 1484 1254 1179 1145 1080 1150 990 970 909 833 842 752 772 702 698 763 703 672 599 581 585 560 585 566 525 486 476 524 529 437 525 492 478 119146 107541
SLiM_1_sum.txt_boot_087.txt 24650 12444 8116 6154 4882 4039 3685 3069 2769 2436 2222 2123 1878 1679 1671 1594 1393 1220 1414 1202 1078 1145 982 996 996 976 885 822 878 797 859 737 786 715 632 688 650 688 627 615 527 535 557 541 541 559 527 523 465 36775 16205 9832 7343 5537 4512 3720 3113 2957 2495 2341 2043 1880 1759 1574 1472 1517 1272 1176 1127 1054 1119 1064 982 946 806 796 765 780 745 712 784 681 703 588 638 637 575 518 548 527 491 520 514 514 430 484 488 478 119136 107270
SLiM_1_sum.txt_boot_088.txt 24373 12425 7992 6111 4860 4129 3673 3046 2864 2462 2236 2095 1893 1667 1779 1541 1408 1322 1382 1191 1084 1190 1072 1018 1012 920 937 810 847 808 853 731 784 739 668 625 648 687 583 616 567 559 525 562 532 487 566 512 445 36877 15877 9897 7102 5519 4494 3760 3156 2901 2469 2312 2044 1849 1725 1565 1498 1523 1233 1187 1183 1066 1082 1052 958 937 824 837 706 780 691 699 723 679 680 627 640 625 543 602 507 537 535 502 515 504 409 495 456 478 119989 107176
SLiM_1_sum.txt_boot_089.txt 24588 12447 8196 6106 4974 4115 3727 3092 2814 2471 2255 2123 1852 1666 1805 1567 1481 1199 1375 1181 1085 1150 1017 993 1011 948 824 849 891 785 801 787 760 717 640 704 615 691 574 602 565 561 541 517 535 523 567 503 473 36655 16190 9867 7148 5547 4576 3703 3176 2964 2446 2411 1994 1783 1663 1557 1484 1494 1252 1260 1209 1138 1126 1024 933 915 902 819 790 770 682 688 691 662 681 594 573 615 596 565 555 542 523 547 495 509 446 506 495 507 119275 107370
SLiM_1_sum.txt_boot_090.txt 24797 12503 7905 5943 4976 4056 3650 3010 2744 2470 2202 2110 1943 1654 1754 1427 1488 1291 1356 1216 1043 1177 1038 964 987 926 868 813 863 764 795 750 742 673 645 616 645 695 587 604 599 563 563 550 500 513 533 513 470 37132 15940 9957 7131 5704 4614 3711 3168 2889 2437 2362 2073 1916 1744 1518 1525 1548 1262 1253 1169 1039 1125 1030 924 895 792 829 730 783 704 735 743 636 695 584 563 570 593 615 535 523 500 513 550 533 464 524 426 416 118965 107655
SLiM_1_sum.txt_boot_091.txt 24807 12444 7981 6078 4861 4101 3615 3015 2728 2458 2301 2044 1976 1799 1746 1489 1455 1323 1382 1222 1050 1106 1062 970 977 960 918 796 854 822 877 744 765 753 678 645 698 678 652 593 586 540 556 612 528 517 492 507 471 36795 16173 9793 7093 5637 4427 3621 3169 2857 2453 2377 2040 1898 1728 1598 1546 1486 1219 1212 1153 1079 1155 1026 908 940 803 842 781 747 710 733 754 629 667 659 616 624 563 626 545 588 480 535 530 503 455 512 475 479 118923 107756
SLiM_1_sum.txt_boot_092.txt 24433 12337 8067 6085 5059 4057 3582 3100 2817 2502 2318 2068 1971 1764 1753 1524 1402 1323 1360 1302 1087 1152 1058 955 1030 958 920 818 829 798 826 797 730 718 665 665 637 702 591 576 578 590 555 565 492 496 543 556 472 37278 16259 9922 7112 5638 4432 3708 3233 3053 2494 2361 1941 1810 1750 1555 1484 1515 1221 1206 1139 1124 1147 985 959 905 790 805 811 767 690 721 741 686 682 628 586 668 573 560 550 544 468 474 505 528 464 494 493 491 118354 107553
SLiM_1_sum.txt_boot_093.txt 24555 12208 8062 6136 4942 4160 3666 3044 2753 2417 2328 2049 1887 1710 1760 1570 1372 1304 1432 1245 1098 1091 1065 1042 1010 920 837 821 850 802 837 808 743 708 651 643 716 679 594 626 521 592 538 546 530 525 545 494 456 36762 16172 9871 7248 5504 4558 3690 3163 2987 2415 2432 2015 1830 1760 1552 1543 1437 1272 1240 1177 1046 1167 1060 936 958 888 872 748 748 681 756 667 630 717 575 628 600 562 552 585 536 480 520 526 475 437 500 475 462 119613 108003
SLiM_1_sum.txt_boot_094.txt 24634 12474 7975 6076 4889 4183 3568 2955 2770 2499 2226 2006 1942 1660 1681 1530 1477 1321 1451 1196 1127 1091 1092 1022 1032 951 897 847 815 769 790 766 765 712 621 642 646 707 617 579 525 552 549 533 528 511 534 540 462 37126 16019 9831 7127 5527 4401 3692 3154 2953 2528 2318 2046 1840 1653 1565 1459 1453 1201 1218 1181 1025 1068 1088 925 911 793 873 764 761 709 745 767 761 662 595 605 609 537 571 564 516 531 528 497 511 439 485 451 459 119347 107765
SLiM_1_sum.txt_boot_095.txt 24658 12564 7930 5971 4839 4018 3649 3029 2676 2454 2248 2072 1827 1672 1755 1515 1451 1319 1362 1243 1072 1120 1060 996 1008 917 887 829 876 764 797 763 781 677 687 622 684 663 576 581 532 583 544 587 560 507 493 487 486 36972 16324 9809 7189 5437 4380 3725 3102 2966 2396 2378 1975 1856 1716 1629 1533 1490 1278 1188 1164 1075 1058 1014 1010 958 795 878 746 801 668 709 682 673 698 592 581 609 550 610 550 546 496 504 548 498 492 492 456 488 119889 106574
SLiM_1_sum.txt_boot_096.txt 24404 12301 8157 6123 5017 4124 3615 3011 2894 2374 2268 2077 2008 1706 1731 1550 1440 1296 1370 1299 1047 1139 1098 961 983 907 909 818 926 761 820 748 779 729 679 690 637 690 591 636 544 541 536 571 540 526 502 533 417 37444 16352 9857 7002 5533 4400 3846 3192 2833 2478 2286 2053 1857 1688 1565 1479 1522 1255 1164 1129 1067 1074 1035 956 974 856 832 761 779 721 717 689 683 661 602 606 590 601 588 538 567 501 503 539 513 425 467 483 514 119148 106996
SLiM_1_sum.txt_boot_097.txt 24471 12574 8017 5996 4934 4084 3529 3070 2710 2403 2217 2089 1886 1689 1722 1516 1470 1307 1382 1230 1103 1106 1065 975 1008 952 872 811 870 814 848 760 784 723 724 675 678 668 585 668 559 544 543 577 542 523 542 507 463 37162 16053 9973 7352 5602 4479 3641 3174 2941 2467 2354 2031 1877 1638 1518 1442 1498 1247 1225 1157 1039 1135 1062 959 950 792 837 790 773 719 740 661 693 685 620 655 649 597 591 555 545 478 526 507 514 397 466 481 506 119761 107117
SLiM_1_sum.txt_boot_098.txt 24679 12248 8092 6131 4997 4107 3563 3022 2801 2426 2284 2140 1951 1723 1773 1533 1436 1297 1280 1280 1129 1117 1023 1032 967 918 890 802 880 843 834 789 758 717 704 636 629 707 640 627 606 543 505 552 595 472 496 549 464 36993 16156 10084 7073 5665 4516 3732 3229 3087 2461 2363 2112 1849 1712 1557 1479 1562 1255 1212 1177 1030 1075 1052 971 898 783 836 767 763 763 726 686 666 680 616 560 615 588 556 567 532 484 519 517 499 480 509 441 503 119718 107127
SLiM_1_sum.txt_boot_099.txt 24702 12502 7812 6082 4956 3975 3555 3034 2763 2365 2292 2038 1913 1761 1785 1467 1377 1329 1367 1211 1145 1121 1019 1066 1038 956 855 812 877 777 827 773 799 703 639 648 684 703 612 592 574 552 532 564 500 522 520 547 474 36916 16291 9986 7115 5635 4476 3731 3174 2893 2440 2356 1931 1756 1682 1484 1587 1467 1222 1191 1193 1059 1109 1066 878 904 874 803 750 746 711 746 686 648 716 585 598 583 590 602 554 577 518 507 519 506 479 504 462 455 119927 107795
SLiM_1_sum.txt_boot_100.txt 24432 12450 7916 6096 4949 4024 3660 3055 2737 2505 2240 2052 1925 1728 1704 1481 1454 1264 1371 1219 1062 1149 1069 990 972 929 917 836 858 805 800 774 804 655 663 649 654 696 639 605 565 578 557 536 550 493 531 535 472 36621 16294 10011 7075 5607 4495 3703 3135 3004 2375 2265 2007 1794 1716 1533 1563 1524 1254 1252 1149 1105 1088 983 968 884 800 813 771 754 672 685 708 623 644 567 622 625 560 596 532 543 489 508 530 486 414 456 495 448 119855 106991
